0	1024
0	13
0	35
0	66
0	142
0	287
0	395
0	670
0	770
0	965
1	1025
1	1024
1	3
1	43
1	119
1	180
1	309
1	435
1	684
1	831
1	1020
2	1026
2	1025
2	1
2	42
2	76
2	323
2	455
2	581
2	707
2	844
3	1027
3	1026
3	4
3	47
3	122
3	375
3	489
3	627
3	763
3	872
4	1028
4	1027
4	19
4	40
4	88
4	344
4	524
4	787
4	923
5	1029
5	1028
5	25
5	45
5	101
5	353
5	561
5	822
5	959
6	1030
6	1029
6	0
6	59
6	138
6	214
6	278
6	518
6	670
6	853
7	1031
7	1030
7	24
7	49
7	168
7	225
7	293
7	554
7	699
7	881
8	1032
8	1031
8	20
8	53
8	68
8	194
8	385
8	604
8	771
8	978
9	1033
9	1032
9	15
9	59
9	120
9	255
9	427
9	608
9	818
9	1020
10	1034
10	1033
10	29
10	45
10	149
10	321
10	466
10	541
10	728
10	921
11	1035
11	1034
11	28
11	46
11	171
11	379
11	495
11	572
11	766
11	929
12	1036
12	1035
12	9
12	60
12	69
12	281
12	397
12	598
12	728
12	927
13	1037
13	1036
13	30
13	54
13	124
13	301
13	441
13	609
13	754
13	954
14	1038
14	1037
14	18
14	63
14	77
14	157
14	221
14	473
14	644
14	844
14	981
15	1039
15	1038
15	0
15	34
15	124
15	162
15	229
15	496
15	673
15	892
15	999
16	1040
16	1039
16	14
16	36
16	67
16	143
16	256
16	396
16	671
16	771
16	966
17	1041
17	1040
17	4
17	44
17	120
17	181
17	310
17	436
17	685
17	800
17	1021
18	1042
18	1041
18	2
18	43
18	77
18	324
18	456
18	582
18	708
18	845
19	1043
19	1042
19	5
19	48
19	123
19	376
19	490
19	628
19	764
19	873
20	1044
20	1043
20	20
20	41
20	89
20	345
20	525
20	788
20	924
21	1045
21	1044
21	26
21	46
21	102
21	354
21	562
21	823
21	928
22	1046
22	1045
22	1
22	60
22	139
22	215
22	279
22	519
22	671
22	854
23	1047
23	1046
23	25
23	50
23	169
23	226
23	294
23	555
23	700
23	882
24	1048
24	1047
24	21
24	54
24	69
24	195
24	386
24	605
24	772
24	979
25	1049
25	1048
25	16
25	60
25	121
25	224
25	428
25	609
25	819
25	1021
26	1050
26	1049
26	30
26	46
26	150
26	322
26	467
26	542
26	729
26	922
27	1051
27	1050
27	29
27	47
27	172
27	380
27	496
27	573
27	767
27	930
28	1052
28	1051
28	10
28	61
28	70
28	282
28	398
28	599
28	729
28	896
29	1053
29	1052
29	31
29	55
29	125
29	302
29	442
29	610
29	755
29	955
30	1054
30	1053
30	19
30	32
30	78
30	158
30	222
30	474
30	645
30	845
30	982
31	1055
31	1054
31	1
31	35
31	125
31	163
31	230
31	497
31	674
31	893
31	1000
32	1056
32	1055
32	15
32	37
32	68
32	144
32	257
32	397
32	640
32	772
32	967
33	1057
33	1056
33	5
33	45
33	121
33	182
33	311
33	437
33	686
33	801
33	1022
34	1058
34	1057
34	3
34	44
34	78
34	325
34	457
34	583
34	709
34	846
35	1059
35	1058
35	6
35	49
35	124
35	377
35	491
35	629
35	765
35	874
36	1060
36	1059
36	21
36	42
36	90
36	346
36	526
36	789
36	925
37	1061
37	1060
37	27
37	47
37	103
37	355
37	563
37	824
37	929
38	1062
38	1061
38	2
38	61
38	140
38	216
38	280
38	520
38	640
38	855
39	1063
39	1062
39	26
39	51
39	170
39	227
39	295
39	556
39	701
39	883
40	1064
40	1063
40	22
40	55
40	70
40	196
40	387
40	606
40	773
40	980
41	1065
41	1064
41	17
41	61
41	122
41	225
41	429
41	610
41	820
41	1022
42	1066
42	1065
42	31
42	47
42	151
42	323
42	468
42	543
42	730
42	923
43	1067
43	1066
43	30
43	48
43	173
43	381
43	497
43	574
43	736
43	931
44	1068
44	1067
44	11
44	62
44	71
44	283
44	399
44	600
44	730
44	897
45	1069
45	1068
45	0
45	56
45	126
45	303
45	443
45	611
45	756
45	956
46	1070
46	1069
46	20
46	33
46	79
46	159
46	223
46	475
46	646
46	846
46	983
47	1071
47	1070
47	2
47	36
47	126
47	164
47	231
47	498
47	675
47	894
47	1001
48	1072
48	1071
48	16
48	38
48	69
48	145
48	258
48	398
48	641
48	773
48	968
49	1073
49	1072
49	6
49	46
49	122
49	183
49	312
49	438
49	687
49	802
49	1023
50	1074
50	1073
50	4
50	45
50	79
50	326
50	458
50	584
50	710
50	847
51	1075
51	1074
51	7
51	50
51	125
51	378
51	492
51	630
51	766
51	875
52	1076
52	1075
52	22
52	43
52	91
52	347
52	527
52	790
52	926
53	1077
53	1076
53	28
53	48
53	104
53	356
53	564
53	825
53	930
54	1078
54	1077
54	3
54	62
54	141
54	217
54	281
54	521
54	641
54	856
55	1079
55	1078
55	27
55	52
55	171
55	228
55	296
55	557
55	702
55	884
56	1080
56	1079
56	23
56	56
56	71
56	197
56	388
56	607
56	774
56	981
57	1081
57	1080
57	18
57	62
57	123
57	226
57	430
57	611
57	821
57	1023
58	1082
58	1081
58	0
58	48
58	152
58	324
58	469
58	512
58	731
58	924
59	1083
59	1082
59	31
59	49
59	174
59	382
59	498
59	575
59	737
59	932
60	1084
60	1083
60	12
60	63
60	72
60	284
60	400
60	601
60	731
60	898
61	1085
61	1084
61	1
61	57
61	127
61	304
61	444
61	612
61	757
61	957
62	1086
62	1085
62	21
62	34
62	80
62	128
62	192
62	476
62	647
62	847
62	984
63	1087
63	1086
63	3
63	37
63	127
63	165
63	232
63	499
63	676
63	895
63	1002
64	1088
64	1087
64	17
64	39
64	70
64	146
64	259
64	399
64	642
64	774
64	969
65	1089
65	1088
65	7
65	47
65	123
65	184
65	313
65	439
65	688
65	803
65	992
66	1090
66	1089
66	5
66	46
66	80
66	327
66	459
66	585
66	711
66	848
67	1091
67	1090
67	8
67	51
67	126
67	379
67	493
67	631
67	767
67	876
68	1092
68	1091
68	23
68	44
68	92
68	348
68	528
68	791
68	927
69	1093
69	1092
69	29
69	49
69	105
69	357
69	565
69	826
69	931
70	1094
70	1093
70	4
70	63
70	142
70	218
70	282
70	522
70	642
70	857
71	1095
71	1094
71	28
71	53
71	172
71	229
71	297
71	558
71	703
71	885
72	1096
72	1095
72	24
72	57
72	72
72	198
72	389
72	576
72	775
72	982
73	1097
73	1096
73	19
73	63
73	124
73	227
73	431
73	612
73	822
73	992
74	1098
74	1097
74	1
74	49
74	153
74	325
74	470
74	513
74	732
74	925
75	1099
75	1098
75	0
75	50
75	175
75	383
75	499
75	544
75	738
75	933
76	1100
76	1099
76	13
76	32
76	73
76	285
76	401
76	602
76	732
76	899
77	1101
77	1100
77	2
77	58
77	96
77	305
77	445
77	613
77	758
77	958
78	1102
78	1101
78	22
78	35
78	81
78	129
78	193
78	477
78	648
78	848
78	985
79	1103
79	1102
79	4
79	38
79	96
79	166
79	233
79	500
79	677
79	864
79	1003
80	1104
80	1103
80	18
80	40
80	71
80	147
80	260
80	400
80	643
80	775
80	970
81	1105
81	1104
81	8
81	48
81	124
81	185
81	314
81	440
81	689
81	804
81	993
82	1106
82	1105
82	6
82	47
82	81
82	328
82	460
82	586
82	712
82	849
83	1107
83	1106
83	9
83	52
83	127
83	380
83	494
83	632
83	736
83	877
84	1108
84	1107
84	24
84	45
84	93
84	349
84	529
84	792
84	896
85	1109
85	1108
85	30
85	50
85	106
85	358
85	566
85	827
85	932
86	1110
86	1109
86	5
86	32
86	143
86	219
86	283
86	523
86	643
86	858
87	1111
87	1110
87	29
87	54
87	173
87	230
87	298
87	559
87	672
87	886
88	1112
88	1111
88	25
88	58
88	73
88	199
88	390
88	577
88	776
88	983
89	1113
89	1112
89	20
89	32
89	125
89	228
89	432
89	613
89	823
89	993
90	1114
90	1113
90	2
90	50
90	154
90	326
90	471
90	514
90	733
90	926
91	1115
91	1114
91	1
91	51
91	176
91	352
91	500
91	545
91	739
91	934
92	1116
92	1115
92	14
92	33
92	74
92	286
92	402
92	603
92	733
92	900
93	1117
93	1116
93	3
93	59
93	97
93	306
93	446
93	614
93	759
93	959
94	1118
94	1117
94	23
94	36
94	82
94	130
94	194
94	478
94	649
94	849
94	986
95	1119
95	1118
95	5
95	39
95	97
95	167
95	234
95	501
95	678
95	865
95	1004
96	1120
96	1119
96	19
96	41
96	72
96	148
96	261
96	401
96	644
96	776
96	971
97	1121
97	1120
97	9
97	49
97	125
97	186
97	315
97	441
97	690
97	805
97	994
98	1122
98	1121
98	7
98	48
98	82
98	329
98	461
98	587
98	713
98	850
99	1123
99	1122
99	10
99	53
99	96
99	381
99	495
99	633
99	737
99	878
100	1124
100	1123
100	25
100	46
100	94
100	350
100	530
100	793
100	897
101	1125
101	1124
101	31
101	51
101	107
101	359
101	567
101	828
101	933
102	1126
102	1125
102	6
102	33
102	144
102	220
102	284
102	524
102	644
102	859
103	1127
103	1126
103	30
103	55
103	174
103	231
103	299
103	560
103	673
103	887
104	1128
104	1127
104	26
104	59
104	74
104	200
104	391
104	578
104	777
104	984
105	1129
105	1128
105	21
105	33
105	126
105	229
105	433
105	614
105	824
105	994
106	1130
106	1129
106	3
106	51
106	155
106	327
106	472
106	515
106	734
106	927
107	1131
107	1130
107	2
107	52
107	177
107	353
107	501
107	546
107	740
107	935
108	1132
108	1131
108	15
108	34
108	75
108	287
108	403
108	604
108	734
108	901
109	1133
109	1132
109	4
109	60
109	98
109	307
109	447
109	615
109	760
109	928
110	1134
110	1133
110	24
110	37
110	83
110	131
110	195
110	479
110	650
110	850
110	987
111	1135
111	1134
111	6
111	40
111	98
111	168
111	235
111	502
111	679
111	866
111	1005
112	1136
112	1135
112	20
112	42
112	73
112	149
112	262
112	402
112	645
112	777
112	972
113	1137
113	1136
113	10
113	50
113	126
113	187
113	316
113	442
113	691
113	806
113	995
114	1138
114	1137
114	8
114	49
114	83
114	330
114	462
114	588
114	714
114	851
115	1139
115	1138
115	11
115	54
115	97
115	382
115	496
115	634
115	738
115	879
116	1140
116	1139
116	26
116	47
116	95
116	351
116	531
116	794
116	898
117	1141
117	1140
117	0
117	52
117	108
117	360
117	568
117	829
117	934
118	1142
118	1141
118	7
118	34
118	145
118	221
118	285
118	525
118	645
118	860
119	1143
119	1142
119	31
119	56
119	175
119	232
119	300
119	561
119	674
119	888
120	1144
120	1143
120	27
120	60
120	75
120	201
120	392
120	579
120	778
120	985
121	1145
121	1144
121	22
121	34
121	127
121	230
121	434
121	615
121	825
121	995
122	1146
122	1145
122	4
122	52
122	156
122	328
122	473
122	516
122	735
122	896
123	1147
123	1146
123	3
123	53
123	178
123	354
123	502
123	547
123	741
123	936
124	1148
124	1147
124	16
124	35
124	76
124	256
124	404
124	605
124	735
124	902
125	1149
125	1148
125	5
125	61
125	99
125	308
125	416
125	616
125	761
125	929
126	1150
126	1149
126	25
126	38
126	84
126	132
126	196
126	448
126	651
126	851
126	988
127	1151
127	1150
127	7
127	41
127	99
127	169
127	236
127	503
127	680
127	867
127	1006
128	1152
128	1151
128	21
128	43
128	74
128	150
128	263
128	403
128	646
128	778
128	973
129	1153
129	1152
129	11
129	51
129	127
129	188
129	317
129	443
129	692
129	807
129	996
130	1154
130	1153
130	9
130	50
130	84
130	331
130	463
130	589
130	715
130	852
131	1155
131	1154
131	12
131	55
131	98
131	383
131	497
131	635
131	739
131	880
132	1156
132	1155
132	27
132	48
132	64
132	320
132	532
132	795
132	899
133	1157
133	1156
133	1
133	53
133	109
133	361
133	569
133	830
133	935
134	1158
134	1157
134	8
134	35
134	146
134	222
134	286
134	526
134	646
134	861
135	1159
135	1158
135	0
135	57
135	176
135	233
135	301
135	562
135	675
135	889
136	1160
136	1159
136	28
136	61
136	76
136	202
136	393
136	580
136	779
136	986
137	1161
137	1160
137	23
137	35
137	96
137	231
137	435
137	616
137	826
137	996
138	1162
138	1161
138	5
138	53
138	157
138	329
138	474
138	517
138	704
138	897
139	1163
139	1162
139	4
139	54
139	179
139	355
139	503
139	548
139	742
139	937
140	1164
140	1163
140	17
140	36
140	77
140	257
140	405
140	606
140	704
140	903
141	1165
141	1164
141	6
141	62
141	100
141	309
141	417
141	617
141	762
141	930
142	1166
142	1165
142	26
142	39
142	85
142	133
142	197
142	449
142	652
142	852
142	989
143	1167
143	1166
143	8
143	42
143	100
143	170
143	237
143	504
143	681
143	868
143	1007
144	1168
144	1167
144	22
144	44
144	75
144	151
144	264
144	404
144	647
144	779
144	974
145	1169
145	1168
145	12
145	52
145	96
145	189
145	318
145	444
145	693
145	808
145	997
146	1170
146	1169
146	10
146	51
146	85
146	332
146	464
146	590
146	716
146	853
147	1171
147	1170
147	13
147	56
147	99
147	352
147	498
147	636
147	740
147	881
148	1172
148	1171
148	28
148	49
148	65
148	321
148	533
148	796
148	900
149	1173
149	1172
149	2
149	54
149	110
149	362
149	570
149	831
149	936
150	1174
150	1173
150	9
150	36
150	147
150	223
150	287
150	527
150	647
150	862
151	1175
151	1174
151	1
151	58
151	177
151	234
151	302
151	563
151	676
151	890
152	1176
152	1175
152	29
152	62
152	77
152	203
152	394
152	581
152	780
152	987
153	1177
153	1176
153	24
153	36
153	97
153	232
153	436
153	617
153	827
153	997
154	1178
154	1177
154	6
154	54
154	158
154	330
154	475
154	518
154	705
154	898
155	1179
155	1178
155	5
155	55
155	180
155	356
155	504
155	549
155	743
155	938
156	1180
156	1179
156	18
156	37
156	78
156	258
156	406
156	607
156	705
156	904
157	1181
157	1180
157	7
157	63
157	101
157	310
157	418
157	618
157	763
157	931
158	1182
158	1181
158	27
158	40
158	86
158	134
158	198
158	450
158	653
158	853
158	990
159	1183
159	1182
159	9
159	43
159	101
159	171
159	238
159	505
159	682
159	869
159	1008
160	1184
160	1183
160	23
160	45
160	76
160	152
160	265
160	405
160	648
160	780
160	975
161	1185
161	1184
161	13
161	53
161	97
161	190
161	319
161	445
161	694
161	809
161	998
162	1186
162	1185
162	11
162	52
162	86
162	333
162	465
162	591
162	717
162	854
163	1187
163	1186
163	14
163	57
163	100
163	353
163	499
163	637
163	741
163	882
164	1188
164	1187
164	29
164	50
164	66
164	322
164	534
164	797
164	901
165	1189
165	1188
165	3
165	55
165	111
165	363
165	571
165	800
165	937
166	1190
166	1189
166	10
166	37
166	148
166	192
166	256
166	528
166	648
166	863
167	1191
167	1190
167	2
167	59
167	178
167	235
167	303
167	564
167	677
167	891
168	1192
168	1191
168	30
168	63
168	78
168	204
168	395
168	582
168	781
168	988
169	1193
169	1192
169	25
169	37
169	98
169	233
169	437
169	618
169	828
169	998
170	1194
170	1193
170	7
170	55
170	159
170	331
170	476
170	519
170	706
170	899
171	1195
171	1194
171	6
171	56
171	181
171	357
171	505
171	550
171	744
171	939
172	1196
172	1195
172	19
172	38
172	79
172	259
172	407
172	576
172	706
172	905
173	1197
173	1196
173	8
173	32
173	102
173	311
173	419
173	619
173	764
173	932
174	1198
174	1197
174	28
174	41
174	87
174	135
174	199
174	451
174	654
174	854
174	991
175	1199
175	1198
175	10
175	44
175	102
175	172
175	239
175	506
175	683
175	870
175	1009
176	1200
176	1199
176	24
176	46
176	77
176	153
176	266
176	406
176	649
176	781
176	976
177	1201
177	1200
177	14
177	54
177	98
177	191
177	288
177	446
177	695
177	810
177	999
178	1202
178	1201
178	12
178	53
178	87
178	334
178	466
178	592
178	718
178	855
179	1203
179	1202
179	15
179	58
179	101
179	354
179	500
179	638
179	742
179	883
180	1204
180	1203
180	30
180	51
180	67
180	323
180	535
180	798
180	902
181	1205
181	1204
181	4
181	56
181	112
181	364
181	572
181	801
181	938
182	1206
182	1205
182	11
182	38
182	149
182	193
182	257
182	529
182	649
182	832
183	1207
183	1206
183	3
183	60
183	179
183	236
183	304
183	565
183	678
183	892
184	1208
184	1207
184	31
184	32
184	79
184	205
184	396
184	583
184	782
184	989
185	1209
185	1208
185	26
185	38
185	99
185	234
185	438
185	619
185	829
185	999
186	1210
186	1209
186	8
186	56
186	128
186	332
186	477
186	520
186	707
186	900
187	1211
187	1210
187	7
187	57
187	182
187	358
187	506
187	551
187	745
187	940
188	1212
188	1211
188	20
188	39
188	80
188	260
188	408
188	577
188	707
188	906
189	1213
189	1212
189	9
189	33
189	103
189	312
189	420
189	620
189	765
189	933
190	1214
190	1213
190	29
190	42
190	88
190	136
190	200
190	452
190	655
190	855
190	960
191	1215
191	1214
191	11
191	45
191	103
191	173
191	240
191	507
191	684
191	871
191	1010
192	1216
192	1215
192	25
192	47
192	78
192	154
192	267
192	407
192	650
192	782
192	977
193	1217
193	1216
193	15
193	55
193	99
193	160
193	289
193	447
193	696
193	811
193	1000
194	1218
194	1217
194	13
194	54
194	88
194	335
194	467
194	593
194	719
194	856
195	1219
195	1218
195	16
195	59
195	102
195	355
195	501
195	639
195	743
195	884
196	1220
196	1219
196	31
196	52
196	68
196	324
196	536
196	799
196	903
197	1221
197	1220
197	5
197	57
197	113
197	365
197	573
197	802
197	939
198	1222
198	1221
198	12
198	39
198	150
198	194
198	258
198	530
198	650
198	833
199	1223
199	1222
199	4
199	61
199	180
199	237
199	305
199	566
199	679
199	893
200	1224
200	1223
200	0
200	33
200	80
200	206
200	397
200	584
200	783
200	990
201	1225
201	1224
201	27
201	39
201	100
201	235
201	439
201	620
201	830
201	1000
202	1226
202	1225
202	9
202	57
202	129
202	333
202	478
202	521
202	708
202	901
203	1227
203	1226
203	8
203	58
203	183
203	359
203	507
203	552
203	746
203	941
204	1228
204	1227
204	21
204	40
204	81
204	261
204	409
204	578
204	708
204	907
205	1229
205	1228
205	10
205	34
205	104
205	313
205	421
205	621
205	766
205	934
206	1230
206	1229
206	30
206	43
206	89
206	137
206	201
206	453
206	656
206	856
206	961
207	1231
207	1230
207	12
207	46
207	104
207	174
207	241
207	508
207	685
207	872
207	1011
208	1232
208	1231
208	26
208	48
208	79
208	155
208	268
208	408
208	651
208	783
208	978
209	1233
209	1232
209	16
209	56
209	100
209	161
209	290
209	416
209	697
209	812
209	1001
210	1234
210	1233
210	14
210	55
210	89
210	336
210	468
210	594
210	720
210	857
211	1235
211	1234
211	17
211	60
211	103
211	356
211	502
211	608
211	744
211	885
212	1236
212	1235
212	0
212	53
212	69
212	325
212	537
212	768
212	904
213	1237
213	1236
213	6
213	58
213	114
213	366
213	574
213	803
213	940
214	1238
214	1237
214	13
214	40
214	151
214	195
214	259
214	531
214	651
214	834
215	1239
215	1238
215	5
215	62
215	181
215	238
215	306
215	567
215	680
215	894
216	1240
216	1239
216	1
216	34
216	81
216	207
216	398
216	585
216	784
216	991
217	1241
217	1240
217	28
217	40
217	101
217	236
217	440
217	621
217	831
217	1001
218	1242
218	1241
218	10
218	58
218	130
218	334
218	479
218	522
218	709
218	902
219	1243
219	1242
219	9
219	59
219	184
219	360
219	508
219	553
219	747
219	942
220	1244
220	1243
220	22
220	41
220	82
220	262
220	410
220	579
220	709
220	908
221	1245
221	1244
221	11
221	35
221	105
221	314
221	422
221	622
221	767
221	935
222	1246
222	1245
222	31
222	44
222	90
222	138
222	202
222	454
222	657
222	857
222	962
223	1247
223	1246
223	13
223	47
223	105
223	175
223	242
223	509
223	686
223	873
223	1012
224	1248
224	1247
224	27
224	49
224	80
224	156
224	269
224	409
224	652
224	784
224	979
225	1249
225	1248
225	17
225	57
225	101
225	162
225	291
225	417
225	698
225	813
225	1002
226	1250
226	1249
226	15
226	56
226	90
226	337
226	469
226	595
226	721
226	858
227	1251
227	1250
227	18
227	61
227	104
227	357
227	503
227	609
227	745
227	886
228	1252
228	1251
228	1
228	54
228	70
228	326
228	538
228	769
228	905
229	1253
229	1252
229	7
229	59
229	115
229	367
229	575
229	804
229	941
230	1254
230	1253
230	14
230	41
230	152
230	196
230	260
230	532
230	652
230	835
231	1255
231	1254
231	6
231	63
231	182
231	239
231	307
231	568
231	681
231	895
232	1256
232	1255
232	2
232	35
232	82
232	208
232	399
232	586
232	785
232	960
233	1257
233	1256
233	29
233	41
233	102
233	237
233	441
233	622
233	800
233	1002
234	1258
234	1257
234	11
234	59
234	131
234	335
234	448
234	523
234	710
234	903
235	1259
235	1258
235	10
235	60
235	185
235	361
235	509
235	554
235	748
235	943
236	1260
236	1259
236	23
236	42
236	83
236	263
236	411
236	580
236	710
236	909
237	1261
237	1260
237	12
237	36
237	106
237	315
237	423
237	623
237	736
237	936
238	1262
238	1261
238	0
238	45
238	91
238	139
238	203
238	455
238	658
238	858
238	963
239	1263
239	1262
239	14
239	48
239	106
239	176
239	243
239	510
239	687
239	874
239	1013
240	1264
240	1263
240	28
240	50
240	81
240	157
240	270
240	410
240	653
240	785
240	980
241	1265
241	1264
241	18
241	58
241	102
241	163
241	292
241	418
241	699
241	814
241	1003
242	1266
242	1265
242	16
242	57
242	91
242	338
242	470
242	596
242	722
242	859
243	1267
243	1266
243	19
243	62
243	105
243	358
243	504
243	610
243	746
243	887
244	1268
244	1267
244	2
244	55
244	71
244	327
244	539
244	770
244	906
245	1269
245	1268
245	8
245	60
245	116
245	368
245	544
245	805
245	942
246	1270
246	1269
246	15
246	42
246	153
246	197
246	261
246	533
246	653
246	836
247	1271
247	1270
247	7
247	32
247	183
247	240
247	308
247	569
247	682
247	864
248	1272
248	1271
248	3
248	36
248	83
248	209
248	400
248	587
248	786
248	961
249	1273
249	1272
249	30
249	42
249	103
249	238
249	442
249	623
249	801
249	1003
250	1274
250	1273
250	12
250	60
250	132
250	336
250	449
250	524
250	711
250	904
251	1275
251	1274
251	11
251	61
251	186
251	362
251	510
251	555
251	749
251	944
252	1276
252	1275
252	24
252	43
252	84
252	264
252	412
252	581
252	711
252	910
253	1277
253	1276
253	13
253	37
253	107
253	316
253	424
253	624
253	737
253	937
254	1278
254	1277
254	1
254	46
254	92
254	140
254	204
254	456
254	659
254	859
254	964
255	1279
255	1278
255	15
255	49
255	107
255	177
255	244
255	511
255	688
255	875
255	1014
256	1280
256	1279
256	29
256	51
256	82
256	158
256	271
256	411
256	654
256	786
256	981
257	1281
257	1280
257	19
257	59
257	103
257	164
257	293
257	419
257	700
257	815
257	1004
258	1282
258	1281
258	17
258	58
258	92
258	339
258	471
258	597
258	723
258	860
259	1283
259	1282
259	20
259	63
259	106
259	359
259	505
259	611
259	747
259	888
260	1284
260	1283
260	3
260	56
260	72
260	328
260	540
260	771
260	907
261	1285
261	1284
261	9
261	61
261	117
261	369
261	545
261	806
261	943
262	1286
262	1285
262	16
262	43
262	154
262	198
262	262
262	534
262	654
262	837
263	1287
263	1286
263	8
263	33
263	184
263	241
263	309
263	570
263	683
263	865
264	1288
264	1287
264	4
264	37
264	84
264	210
264	401
264	588
264	787
264	962
265	1289
265	1288
265	31
265	43
265	104
265	239
265	443
265	624
265	802
265	1004
266	1290
266	1289
266	13
266	61
266	133
266	337
266	450
266	525
266	712
266	905
267	1291
267	1290
267	12
267	62
267	187
267	363
267	511
267	556
267	750
267	945
268	1292
268	1291
268	25
268	44
268	85
268	265
268	413
268	582
268	712
268	911
269	1293
269	1292
269	14
269	38
269	108
269	317
269	425
269	625
269	738
269	938
270	1294
270	1293
270	2
270	47
270	93
270	141
270	205
270	457
270	660
270	860
270	965
271	1295
271	1294
271	16
271	50
271	108
271	178
271	245
271	480
271	689
271	876
271	1015
272	1296
272	1295
272	30
272	52
272	83
272	159
272	272
272	412
272	655
272	787
272	982
273	1297
273	1296
273	20
273	60
273	104
273	165
273	294
273	420
273	701
273	816
273	1005
274	1298
274	1297
274	18
274	59
274	93
274	340
274	472
274	598
274	724
274	861
275	1299
275	1298
275	21
275	32
275	107
275	360
275	506
275	612
275	748
275	889
276	1300
276	1299
276	4
276	57
276	73
276	329
276	541
276	772
276	908
277	1301
277	1300
277	10
277	62
277	118
277	370
277	546
277	807
277	944
278	1302
278	1301
278	17
278	44
278	155
278	199
278	263
278	535
278	655
278	838
279	1303
279	1302
279	9
279	34
279	185
279	242
279	310
279	571
279	684
279	866
280	1304
280	1303
280	5
280	38
280	85
280	211
280	402
280	589
280	788
280	963
281	1305
281	1304
281	0
281	44
281	105
281	240
281	444
281	625
281	803
281	1005
282	1306
282	1305
282	14
282	62
282	134
282	338
282	451
282	526
282	713
282	906
283	1307
283	1306
283	13
283	63
283	188
283	364
283	480
283	557
283	751
283	946
284	1308
284	1307
284	26
284	45
284	86
284	266
284	414
284	583
284	713
284	912
285	1309
285	1308
285	15
285	39
285	109
285	318
285	426
285	626
285	739
285	939
286	1310
286	1309
286	3
286	48
286	94
286	142
286	206
286	458
286	661
286	861
286	966
287	1311
287	1310
287	17
287	51
287	109
287	179
287	246
287	481
287	690
287	877
287	1016
288	1312
288	1311
288	31
288	53
288	84
288	128
288	273
288	413
288	656
288	788
288	983
289	1313
289	1312
289	21
289	61
289	105
289	166
289	295
289	421
289	702
289	817
289	1006
290	1314
290	1313
290	19
290	60
290	94
290	341
290	473
290	599
290	725
290	862
291	1315
291	1314
291	22
291	33
291	108
291	361
291	507
291	613
291	749
291	890
292	1316
292	1315
292	5
292	58
292	74
292	330
292	542
292	773
292	909
293	1317
293	1316
293	11
293	63
293	119
293	371
293	547
293	808
293	945
294	1318
294	1317
294	18
294	45
294	156
294	200
294	264
294	536
294	656
294	839
295	1319
295	1318
295	10
295	35
295	186
295	243
295	311
295	572
295	685
295	867
296	1320
296	1319
296	6
296	39
296	86
296	212
296	403
296	590
296	789
296	964
297	1321
297	1320
297	1
297	45
297	106
297	241
297	445
297	626
297	804
297	1006
298	1322
298	1321
298	15
298	63
298	135
298	339
298	452
298	527
298	714
298	907
299	1323
299	1322
299	14
299	32
299	189
299	365
299	481
299	558
299	752
299	947
300	1324
300	1323
300	27
300	46
300	87
300	267
300	415
300	584
300	714
300	913
301	1325
301	1324
301	16
301	40
301	110
301	319
301	427
301	627
301	740
301	940
302	1326
302	1325
302	4
302	49
302	95
302	143
302	207
302	459
302	662
302	862
302	967
303	1327
303	1326
303	18
303	52
303	110
303	180
303	247
303	482
303	691
303	878
303	1017
304	1328
304	1327
304	0
304	54
304	85
304	129
304	274
304	414
304	657
304	789
304	984
305	1329
305	1328
305	22
305	62
305	106
305	167
305	296
305	422
305	703
305	818
305	1007
306	1330
306	1329
306	20
306	61
306	95
306	342
306	474
306	600
306	726
306	863
307	1331
307	1330
307	23
307	34
307	109
307	362
307	508
307	614
307	750
307	891
308	1332
308	1331
308	6
308	59
308	75
308	331
308	543
308	774
308	910
309	1333
309	1332
309	12
309	32
309	120
309	372
309	548
309	809
309	946
310	1334
310	1333
310	19
310	46
310	157
310	201
310	265
310	537
310	657
310	840
311	1335
311	1334
311	11
311	36
311	187
311	244
311	312
311	573
311	686
311	868
312	1336
312	1335
312	7
312	40
312	87
312	213
312	404
312	591
312	790
312	965
313	1337
313	1336
313	2
313	46
313	107
313	242
313	446
313	627
313	805
313	1007
314	1338
314	1337
314	16
314	32
314	136
314	340
314	453
314	528
314	715
314	908
315	1339
315	1338
315	15
315	33
315	190
315	366
315	482
315	559
315	753
315	948
316	1340
316	1339
316	28
316	47
316	88
316	268
316	384
316	585
316	715
316	914
317	1341
317	1340
317	17
317	41
317	111
317	288
317	428
317	628
317	741
317	941
318	1342
318	1341
318	5
318	50
318	64
318	144
318	208
318	460
318	663
318	863
318	968
319	1343
319	1342
319	19
319	53
319	111
319	181
319	248
319	483
319	692
319	879
319	1018
320	1344
320	1343
320	1
320	55
320	86
320	130
320	275
320	415
320	658
320	790
320	985
321	1345
321	1344
321	23
321	63
321	107
321	168
321	297
321	423
321	672
321	819
321	1008
322	1346
322	1345
322	21
322	62
322	64
322	343
322	475
322	601
322	727
322	832
323	1347
323	1346
323	24
323	35
323	110
323	363
323	509
323	615
323	751
323	892
324	1348
324	1347
324	7
324	60
324	76
324	332
324	512
324	775
324	911
325	1349
325	1348
325	13
325	33
325	121
325	373
325	549
325	810
325	947
326	1350
326	1349
326	20
326	47
326	158
326	202
326	266
326	538
326	658
326	841
327	1351
327	1350
327	12
327	37
327	188
327	245
327	313
327	574
327	687
327	869
328	1352
328	1351
328	8
328	41
328	88
328	214
328	405
328	592
328	791
328	966
329	1353
329	1352
329	3
329	47
329	108
329	243
329	447
329	628
329	806
329	1008
330	1354
330	1353
330	17
330	33
330	137
330	341
330	454
330	529
330	716
330	909
331	1355
331	1354
331	16
331	34
331	191
331	367
331	483
331	560
331	754
331	949
332	1356
332	1355
332	29
332	48
332	89
332	269
332	385
332	586
332	716
332	915
333	1357
333	1356
333	18
333	42
333	112
333	289
333	429
333	629
333	742
333	942
334	1358
334	1357
334	6
334	51
334	65
334	145
334	209
334	461
334	664
334	832
334	969
335	1359
335	1358
335	20
335	54
335	112
335	182
335	249
335	484
335	693
335	880
335	1019
336	1360
336	1359
336	2
336	56
336	87
336	131
336	276
336	384
336	659
336	791
336	986
337	1361
337	1360
337	24
337	32
337	108
337	169
337	298
337	424
337	673
337	820
337	1009
338	1362
338	1361
338	22
338	63
338	65
338	344
338	476
338	602
338	728
338	833
339	1363
339	1362
339	25
339	36
339	111
339	364
339	510
339	616
339	752
339	893
340	1364
340	1363
340	8
340	61
340	77
340	333
340	513
340	776
340	912
341	1365
341	1364
341	14
341	34
341	122
341	374
341	550
341	811
341	948
342	1366
342	1365
342	21
342	48
342	159
342	203
342	267
342	539
342	659
342	842
343	1367
343	1366
343	13
343	38
343	189
343	246
343	314
343	575
343	688
343	870
344	1368
344	1367
344	9
344	42
344	89
344	215
344	406
344	593
344	792
344	967
345	1369
345	1368
345	4
345	48
345	109
345	244
345	416
345	629
345	807
345	1009
346	1370
346	1369
346	18
346	34
346	138
346	342
346	455
346	530
346	717
346	910
347	1371
347	1370
347	17
347	35
347	160
347	368
347	484
347	561
347	755
347	950
348	1372
348	1371
348	30
348	49
348	90
348	270
348	386
348	587
348	717
348	916
349	1373
349	1372
349	19
349	43
349	113
349	290
349	430
349	630
349	743
349	943
350	1374
350	1373
350	7
350	52
350	66
350	146
350	210
350	462
350	665
350	833
350	970
351	1375
351	1374
351	21
351	55
351	113
351	183
351	250
351	485
351	694
351	881
351	1020
352	1376
352	1375
352	3
352	57
352	88
352	132
352	277
352	385
352	660
352	792
352	987
353	1377
353	1376
353	25
353	33
353	109
353	170
353	299
353	425
353	674
353	821
353	1010
354	1378
354	1377
354	23
354	32
354	66
354	345
354	477
354	603
354	729
354	834
355	1379
355	1378
355	26
355	37
355	112
355	365
355	511
355	617
355	753
355	894
356	1380
356	1379
356	9
356	62
356	78
356	334
356	514
356	777
356	913
357	1381
357	1380
357	15
357	35
357	123
357	375
357	551
357	812
357	949
358	1382
358	1381
358	22
358	49
358	128
358	204
358	268
358	540
358	660
358	843
359	1383
359	1382
359	14
359	39
359	190
359	247
359	315
359	544
359	689
359	871
360	1384
360	1383
360	10
360	43
360	90
360	216
360	407
360	594
360	793
360	968
361	1385
361	1384
361	5
361	49
361	110
361	245
361	417
361	630
361	808
361	1010
362	1386
362	1385
362	19
362	35
362	139
362	343
362	456
362	531
362	718
362	911
363	1387
363	1386
363	18
363	36
363	161
363	369
363	485
363	562
363	756
363	951
364	1388
364	1387
364	31
364	50
364	91
364	271
364	387
364	588
364	718
364	917
365	1389
365	1388
365	20
365	44
365	114
365	291
365	431
365	631
365	744
365	944
366	1390
366	1389
366	8
366	53
366	67
366	147
366	211
366	463
366	666
366	834
366	971
367	1391
367	1390
367	22
367	56
367	114
367	184
367	251
367	486
367	695
367	882
367	1021
368	1392
368	1391
368	4
368	58
368	89
368	133
368	278
368	386
368	661
368	793
368	988
369	1393
369	1392
369	26
369	34
369	110
369	171
369	300
369	426
369	675
369	822
369	1011
370	1394
370	1393
370	24
370	33
370	67
370	346
370	478
370	604
370	730
370	835
371	1395
371	1394
371	27
371	38
371	113
371	366
371	480
371	618
371	754
371	895
372	1396
372	1395
372	10
372	63
372	79
372	335
372	515
372	778
372	914
373	1397
373	1396
373	16
373	36
373	124
373	376
373	552
373	813
373	950
374	1398
374	1397
374	23
374	50
374	129
374	205
374	269
374	541
374	661
374	844
375	1399
375	1398
375	15
375	40
375	191
375	248
375	316
375	545
375	690
375	872
376	1400
376	1399
376	11
376	44
376	91
376	217
376	408
376	595
376	794
376	969
377	1401
377	1400
377	6
377	50
377	111
377	246
377	418
377	631
377	809
377	1011
378	1402
378	1401
378	20
378	36
378	140
378	344
378	457
378	532
378	719
378	912
379	1403
379	1402
379	19
379	37
379	162
379	370
379	486
379	563
379	757
379	952
380	1404
380	1403
380	0
380	51
380	92
380	272
380	388
380	589
380	719
380	918
381	1405
381	1404
381	21
381	45
381	115
381	292
381	432
381	632
381	745
381	945
382	1406
382	1405
382	9
382	54
382	68
382	148
382	212
382	464
382	667
382	835
382	972
383	1407
383	1406
383	23
383	57
383	115
383	185
383	252
383	487
383	696
383	883
383	1022
384	1408
384	1407
384	5
384	59
384	90
384	134
384	279
384	387
384	662
384	794
384	989
385	1409
385	1408
385	27
385	35
385	111
385	172
385	301
385	427
385	676
385	823
385	1012
386	1410
386	1409
386	25
386	34
386	68
386	347
386	479
386	605
386	731
386	836
387	1411
387	1410
387	28
387	39
387	114
387	367
387	481
387	619
387	755
387	864
388	1412
388	1411
388	11
388	32
388	80
388	336
388	516
388	779
388	915
389	1413
389	1412
389	17
389	37
389	125
389	377
389	553
389	814
389	951
390	1414
390	1413
390	24
390	51
390	130
390	206
390	270
390	542
390	662
390	845
391	1415
391	1414
391	16
391	41
391	160
391	249
391	317
391	546
391	691
391	873
392	1416
392	1415
392	12
392	45
392	92
392	218
392	409
392	596
392	795
392	970
393	1417
393	1416
393	7
393	51
393	112
393	247
393	419
393	632
393	810
393	1012
394	1418
394	1417
394	21
394	37
394	141
394	345
394	458
394	533
394	720
394	913
395	1419
395	1418
395	20
395	38
395	163
395	371
395	487
395	564
395	758
395	953
396	1420
396	1419
396	1
396	52
396	93
396	273
396	389
396	590
396	720
396	919
397	1421
397	1420
397	22
397	46
397	116
397	293
397	433
397	633
397	746
397	946
398	1422
398	1421
398	10
398	55
398	69
398	149
398	213
398	465
398	668
398	836
398	973
399	1423
399	1422
399	24
399	58
399	116
399	186
399	253
399	488
399	697
399	884
399	1023
400	1424
400	1423
400	6
400	60
400	91
400	135
400	280
400	388
400	663
400	795
400	990
401	1425
401	1424
401	28
401	36
401	112
401	173
401	302
401	428
401	677
401	824
401	1013
402	1426
402	1425
402	26
402	35
402	69
402	348
402	448
402	606
402	732
402	837
403	1427
403	1426
403	29
403	40
403	115
403	368
403	482
403	620
403	756
403	865
404	1428
404	1427
404	12
404	33
404	81
404	337
404	517
404	780
404	916
405	1429
405	1428
405	18
405	38
405	126
405	378
405	554
405	815
405	952
406	1430
406	1429
406	25
406	52
406	131
406	207
406	271
406	543
406	663
406	846
407	1431
407	1430
407	17
407	42
407	161
407	250
407	318
407	547
407	692
407	874
408	1432
408	1431
408	13
408	46
408	93
408	219
408	410
408	597
408	796
408	971
409	1433
409	1432
409	8
409	52
409	113
409	248
409	420
409	633
409	811
409	1013
410	1434
410	1433
410	22
410	38
410	142
410	346
410	459
410	534
410	721
410	914
411	1435
411	1434
411	21
411	39
411	164
411	372
411	488
411	565
411	759
411	954
412	1436
412	1435
412	2
412	53
412	94
412	274
412	390
412	591
412	721
412	920
413	1437
413	1436
413	23
413	47
413	117
413	294
413	434
413	634
413	747
413	947
414	1438
414	1437
414	11
414	56
414	70
414	150
414	214
414	466
414	669
414	837
414	974
415	1439
415	1438
415	25
415	59
415	117
415	187
415	254
415	489
415	698
415	885
415	992
416	1440
416	1439
416	7
416	61
416	92
416	136
416	281
416	389
416	664
416	796
416	991
417	1441
417	1440
417	29
417	37
417	113
417	174
417	303
417	429
417	678
417	825
417	1014
418	1442
418	1441
418	27
418	36
418	70
418	349
418	449
418	607
418	733
418	838
419	1443
419	1442
419	30
419	41
419	116
419	369
419	483
419	621
419	757
419	866
420	1444
420	1443
420	13
420	34
420	82
420	338
420	518
420	781
420	917
421	1445
421	1444
421	19
421	39
421	127
421	379
421	555
421	816
421	953
422	1446
422	1445
422	26
422	53
422	132
422	208
422	272
422	512
422	664
422	847
423	1447
423	1446
423	18
423	43
423	162
423	251
423	319
423	548
423	693
423	875
424	1448
424	1447
424	14
424	47
424	94
424	220
424	411
424	598
424	797
424	972
425	1449
425	1448
425	9
425	53
425	114
425	249
425	421
425	634
425	812
425	1014
426	1450
426	1449
426	23
426	39
426	143
426	347
426	460
426	535
426	722
426	915
427	1451
427	1450
427	22
427	40
427	165
427	373
427	489
427	566
427	760
427	955
428	1452
428	1451
428	3
428	54
428	95
428	275
428	391
428	592
428	722
428	921
429	1453
429	1452
429	24
429	48
429	118
429	295
429	435
429	635
429	748
429	948
430	1454
430	1453
430	12
430	57
430	71
430	151
430	215
430	467
430	670
430	838
430	975
431	1455
431	1454
431	26
431	60
431	118
431	188
431	255
431	490
431	699
431	886
431	993
432	1456
432	1455
432	8
432	62
432	93
432	137
432	282
432	390
432	665
432	797
432	960
433	1457
433	1456
433	30
433	38
433	114
433	175
433	304
433	430
433	679
433	826
433	1015
434	1458
434	1457
434	28
434	37
434	71
434	350
434	450
434	576
434	734
434	839
435	1459
435	1458
435	31
435	42
435	117
435	370
435	484
435	622
435	758
435	867
436	1460
436	1459
436	14
436	35
436	83
436	339
436	519
436	782
436	918
437	1461
437	1460
437	20
437	40
437	96
437	380
437	556
437	817
437	954
438	1462
438	1461
438	27
438	54
438	133
438	209
438	273
438	513
438	665
438	848
439	1463
439	1462
439	19
439	44
439	163
439	252
439	288
439	549
439	694
439	876
440	1464
440	1463
440	15
440	48
440	95
440	221
440	412
440	599
440	798
440	973
441	1465
441	1464
441	10
441	54
441	115
441	250
441	422
441	635
441	813
441	1015
442	1466
442	1465
442	24
442	40
442	144
442	348
442	461
442	536
442	723
442	916
443	1467
443	1466
443	23
443	41
443	166
443	374
443	490
443	567
443	761
443	956
444	1468
444	1467
444	4
444	55
444	64
444	276
444	392
444	593
444	723
444	922
445	1469
445	1468
445	25
445	49
445	119
445	296
445	436
445	636
445	749
445	949
446	1470
446	1469
446	13
446	58
446	72
446	152
446	216
446	468
446	671
446	839
446	976
447	1471
447	1470
447	27
447	61
447	119
447	189
447	224
447	491
447	700
447	887
447	994
448	1472
448	1471
448	9
448	63
448	94
448	138
448	283
448	391
448	666
448	798
448	961
449	1473
449	1472
449	31
449	39
449	115
449	176
449	305
449	431
449	680
449	827
449	1016
450	1474
450	1473
450	29
450	38
450	72
450	351
450	451
450	577
450	735
450	840
451	1475
451	1474
451	0
451	43
451	118
451	371
451	485
451	623
451	759
451	868
452	1476
452	1475
452	15
452	36
452	84
452	340
452	520
452	783
452	919
453	1477
453	1476
453	21
453	41
453	97
453	381
453	557
453	818
453	955
454	1478
454	1477
454	28
454	55
454	134
454	210
454	274
454	514
454	666
454	849
455	1479
455	1478
455	20
455	45
455	164
455	253
455	289
455	550
455	695
455	877
456	1480
456	1479
456	16
456	49
456	64
456	222
456	413
456	600
456	799
456	974
457	1481
457	1480
457	11
457	55
457	116
457	251
457	423
457	636
457	814
457	1016
458	1482
458	1481
458	25
458	41
458	145
458	349
458	462
458	537
458	724
458	917
459	1483
459	1482
459	24
459	42
459	167
459	375
459	491
459	568
459	762
459	957
460	1484
460	1483
460	5
460	56
460	65
460	277
460	393
460	594
460	724
460	923
461	1485
461	1484
461	26
461	50
461	120
461	297
461	437
461	637
461	750
461	950
462	1486
462	1485
462	14
462	59
462	73
462	153
462	217
462	469
462	640
462	840
462	977
463	1487
463	1486
463	28
463	62
463	120
463	190
463	225
463	492
463	701
463	888
463	995
464	1488
464	1487
464	10
464	32
464	95
464	139
464	284
464	392
464	667
464	799
464	962
465	1489
465	1488
465	0
465	40
465	116
465	177
465	306
465	432
465	681
465	828
465	1017
466	1490
466	1489
466	30
466	39
466	73
466	320
466	452
466	578
466	704
466	841
467	1491
467	1490
467	1
467	44
467	119
467	372
467	486
467	624
467	760
467	869
468	1492
468	1491
468	16
468	37
468	85
468	341
468	521
468	784
468	920
469	1493
469	1492
469	22
469	42
469	98
469	382
469	558
469	819
469	956
470	1494
470	1493
470	29
470	56
470	135
470	211
470	275
470	515
470	667
470	850
471	1495
471	1494
471	21
471	46
471	165
471	254
471	290
471	551
471	696
471	878
472	1496
472	1495
472	17
472	50
472	65
472	223
472	414
472	601
472	768
472	975
473	1497
473	1496
473	12
473	56
473	117
473	252
473	424
473	637
473	815
473	1017
474	1498
474	1497
474	26
474	42
474	146
474	350
474	463
474	538
474	725
474	918
475	1499
475	1498
475	25
475	43
475	168
475	376
475	492
475	569
475	763
475	958
476	1500
476	1499
476	6
476	57
476	66
476	278
476	394
476	595
476	725
476	924
477	1501
477	1500
477	27
477	51
477	121
477	298
477	438
477	638
477	751
477	951
478	1502
478	1501
478	15
478	60
478	74
478	154
478	218
478	470
478	641
478	841
478	978
479	1503
479	1502
479	29
479	63
479	121
479	191
479	226
479	493
479	702
479	889
479	996
480	1504
480	1503
480	11
480	33
480	64
480	140
480	285
480	393
480	668
480	768
480	963
481	1505
481	1504
481	1
481	41
481	117
481	178
481	307
481	433
481	682
481	829
481	1018
482	1506
482	1505
482	31
482	40
482	74
482	321
482	453
482	579
482	705
482	842
483	1507
483	1506
483	2
483	45
483	120
483	373
483	487
483	625
483	761
483	870
484	1508
484	1507
484	17
484	38
484	86
484	342
484	522
484	785
484	921
485	1509
485	1508
485	23
485	43
485	99
485	383
485	559
485	820
485	957
486	1510
486	1509
486	30
486	57
486	136
486	212
486	276
486	516
486	668
486	851
487	1511
487	1510
487	22
487	47
487	166
487	255
487	291
487	552
487	697
487	879
488	1512
488	1511
488	18
488	51
488	66
488	192
488	415
488	602
488	769
488	976
489	1513
489	1512
489	13
489	57
489	118
489	253
489	425
489	638
489	816
489	1018
490	1514
490	1513
490	27
490	43
490	147
490	351
490	464
490	539
490	726
490	919
491	1515
491	1514
491	26
491	44
491	169
491	377
491	493
491	570
491	764
491	959
492	1516
492	1515
492	7
492	58
492	67
492	279
492	395
492	596
492	726
492	925
493	1517
493	1516
493	28
493	52
493	122
493	299
493	439
493	639
493	752
493	952
494	1518
494	1517
494	16
494	61
494	75
494	155
494	219
494	471
494	642
494	842
494	979
495	1519
495	1518
495	30
495	32
495	122
495	160
495	227
495	494
495	703
495	890
495	997
496	1520
496	1519
496	12
496	34
496	65
496	141
496	286
496	394
496	669
496	769
496	964
497	1521
497	1520
497	2
497	42
497	118
497	179
497	308
497	434
497	683
497	830
497	1019
498	1522
498	1521
498	0
498	41
498	75
498	322
498	454
498	580
498	706
498	843
499	1523
499	1522
499	3
499	46
499	121
499	374
499	488
499	626
499	762
499	871
500	1524
500	1523
500	18
500	39
500	87
500	343
500	523
500	786
500	922
501	1525
501	1524
501	24
501	44
501	100
501	352
501	560
501	821
501	958
502	1526
502	1525
502	31
502	58
502	137
502	213
502	277
502	517
502	669
502	852
503	1527
503	1526
503	23
503	48
503	167
503	224
503	292
503	553
503	698
503	880
504	1528
504	1527
504	19
504	52
504	67
504	193
504	384
504	603
504	770
504	977
505	1529
505	1528
505	14
505	58
505	119
505	254
505	426
505	639
505	817
505	1019
506	1530
506	1529
506	28
506	44
506	148
506	320
506	465
506	540
506	727
506	920
507	1531
507	1530
507	27
507	45
507	170
507	378
507	494
507	571
507	765
507	928
508	1532
508	1531
508	8
508	59
508	68
508	280
508	396
508	597
508	727
508	926
509	1533
509	1532
509	29
509	53
509	123
509	300
509	440
509	608
509	753
509	953
510	1534
510	1533
510	17
510	62
510	76
510	156
510	220
510	472
510	643
510	843
510	980
511	1535
511	1534
511	31
511	33
511	123
511	161
511	228
511	495
511	672
511	891
511	998
