0	1024
0	31
0	35
0	70
0	149
0	273
0	389
0	538
0	651
0	796
0	897
1	1025
1	1024
1	49
1	92
1	111
1	168
1	302
1	441
1	545
1	673
1	805
1	952
2	1026
2	1025
2	22
2	78
2	102
2	194
2	329
2	468
2	605
2	716
2	849
2	963
3	1027
3	1026
3	14
3	62
3	97
3	255
3	370
3	497
3	613
3	738
3	869
3	1017
4	1028
4	1027
4	17
4	60
4	72
4	149
4	264
4	396
4	543
4	654
4	785
4	925
5	1029
5	1028
5	32
5	78
5	117
5	177
5	309
5	445
5	553
5	676
5	829
5	942
6	1030
6	1029
6	29
6	92
6	113
6	217
6	326
6	463
6	576
6	706
6	858
6	988
7	1031
7	1030
7	25
7	59
7	116
7	246
7	356
7	505
7	613
7	748
7	876
7	1009
8	1032
8	1031
8	31
8	53
8	76
8	140
8	286
8	413
8	520
8	646
8	774
8	899
9	1033
9	1032
9	56
9	69
9	101
9	182
9	319
9	443
9	546
9	696
9	816
9	944
10	1034
10	1033
10	0
10	85
10	97
10	200
10	337
10	467
10	605
10	704
10	854
10	965
11	1035
11	1034
11	11
11	49
11	98
11	234
11	356
11	482
11	611
11	751
11	875
11	993
12	1036
12	1035
12	25
12	51
12	90
12	110
12	136
12	262
12	388
12	517
12	659
12	794
13	1037
13	1036
13	6
13	43
13	95
13	112
13	168
13	290
13	421
13	569
13	681
13	830
14	1038
14	1037
14	16
14	45
14	82
14	123
14	217
14	324
14	469
14	579
14	726
14	852
15	1039
15	1038
15	17
15	49
15	66
15	112
15	247
15	354
15	509
15	639
15	760
15	867
16	1040
16	1039
16	0
16	36
16	71
16	150
16	274
16	390
16	539
16	652
16	797
16	898
17	1041
17	1040
17	50
17	93
17	112
17	169
17	303
17	442
17	546
17	674
17	806
17	953
18	1042
18	1041
18	23
18	79
18	103
18	195
18	330
18	469
18	606
18	717
18	850
18	964
19	1043
19	1042
19	15
19	63
19	98
19	224
19	371
19	498
19	614
19	739
19	870
19	1018
20	1044
20	1043
20	18
20	61
20	73
20	150
20	265
20	397
20	512
20	655
20	786
20	926
21	1045
21	1044
21	33
21	79
21	118
21	178
21	310
21	446
21	554
21	677
21	830
21	943
22	1046
22	1045
22	30
22	93
22	114
22	218
22	327
22	464
22	577
22	707
22	859
22	989
23	1047
23	1046
23	26
23	60
23	117
23	247
23	357
23	506
23	614
23	749
23	877
23	1010
24	1048
24	1047
24	0
24	54
24	77
24	141
24	287
24	414
24	521
24	647
24	775
24	900
25	1049
25	1048
25	57
25	70
25	102
25	183
25	288
25	444
25	547
25	697
25	817
25	945
26	1050
26	1049
26	1
26	86
26	98
26	201
26	338
26	468
26	606
26	705
26	855
26	966
27	1051
27	1050
27	12
27	50
27	99
27	235
27	357
27	483
27	612
27	752
27	876
27	994
28	1052
28	1051
28	26
28	52
28	91
28	111
28	137
28	263
28	389
28	518
28	660
28	795
29	1053
29	1052
29	7
29	44
29	64
29	113
29	169
29	291
29	422
29	570
29	682
29	831
30	1054
30	1053
30	17
30	46
30	83
30	124
30	218
30	325
30	470
30	580
30	727
30	853
31	1055
31	1054
31	18
31	50
31	67
31	113
31	248
31	355
31	510
31	608
31	761
31	868
32	1056
32	1055
32	1
32	37
32	72
32	151
32	275
32	391
32	540
32	653
32	798
32	899
33	1057
33	1056
33	51
33	94
33	113
33	170
33	304
33	443
33	547
33	675
33	807
33	954
34	1058
34	1057
34	24
34	80
34	104
34	196
34	331
34	470
34	607
34	718
34	851
34	965
35	1059
35	1058
35	16
35	32
35	99
35	225
35	372
35	499
35	615
35	740
35	871
35	1019
36	1060
36	1059
36	19
36	62
36	74
36	151
36	266
36	398
36	513
36	656
36	787
36	927
37	1061
37	1060
37	34
37	80
37	119
37	179
37	311
37	447
37	555
37	678
37	831
37	944
38	1062
38	1061
38	31
38	94
38	115
38	219
38	328
38	465
38	578
38	708
38	860
38	990
39	1063
39	1062
39	27
39	61
39	118
39	248
39	358
39	507
39	615
39	750
39	878
39	1011
40	1064
40	1063
40	1
40	55
40	78
40	142
40	256
40	415
40	522
40	648
40	776
40	901
41	1065
41	1064
41	58
41	71
41	103
41	184
41	289
41	445
41	548
41	698
41	818
41	946
42	1066
42	1065
42	2
42	87
42	99
42	202
42	339
42	469
42	607
42	706
42	856
42	967
43	1067
43	1066
43	13
43	51
43	100
43	236
43	358
43	484
43	613
43	753
43	877
43	995
44	1068
44	1067
44	27
44	53
44	92
44	112
44	138
44	264
44	390
44	519
44	661
44	796
45	1069
45	1068
45	8
45	45
45	65
45	114
45	170
45	292
45	423
45	571
45	683
45	800
46	1070
46	1069
46	18
46	47
46	84
46	125
46	219
46	326
46	471
46	581
46	728
46	854
47	1071
47	1070
47	19
47	51
47	68
47	114
47	249
47	356
47	511
47	609
47	762
47	869
48	1072
48	1071
48	2
48	38
48	73
48	152
48	276
48	392
48	541
48	654
48	799
48	900
49	1073
49	1072
49	52
49	95
49	114
49	171
49	305
49	444
49	548
49	676
49	808
49	955
50	1074
50	1073
50	25
50	81
50	105
50	197
50	332
50	471
50	576
50	719
50	852
50	966
51	1075
51	1074
51	17
51	33
51	100
51	226
51	373
51	500
51	616
51	741
51	872
51	1020
52	1076
52	1075
52	20
52	63
52	75
52	152
52	267
52	399
52	514
52	657
52	788
52	896
53	1077
53	1076
53	35
53	81
53	120
53	180
53	312
53	416
53	556
53	679
53	800
53	945
54	1078
54	1077
54	0
54	95
54	116
54	220
54	329
54	466
54	579
54	709
54	861
54	991
55	1079
55	1078
55	28
55	62
55	119
55	249
55	359
55	508
55	616
55	751
55	879
55	1012
56	1080
56	1079
56	2
56	56
56	79
56	143
56	257
56	384
56	523
56	649
56	777
56	902
57	1081
57	1080
57	59
57	72
57	104
57	185
57	290
57	446
57	549
57	699
57	819
57	947
58	1082
58	1081
58	3
58	88
58	100
58	203
58	340
58	470
58	576
58	707
58	857
58	968
59	1083
59	1082
59	14
59	52
59	101
59	237
59	359
59	485
59	614
59	754
59	878
59	996
60	1084
60	1083
60	28
60	54
60	93
60	113
60	139
60	265
60	391
60	520
60	662
60	797
61	1085
61	1084
61	9
61	46
61	66
61	115
61	171
61	293
61	424
61	572
61	684
61	801
62	1086
62	1085
62	19
62	48
62	85
62	126
62	220
62	327
62	472
62	582
62	729
62	855
63	1087
63	1086
63	20
63	52
63	69
63	115
63	250
63	357
63	480
63	610
63	763
63	870
64	1088
64	1087
64	3
64	39
64	74
64	153
64	277
64	393
64	542
64	655
64	768
64	901
65	1089
65	1088
65	53
65	64
65	115
65	172
65	306
65	445
65	549
65	677
65	809
65	956
66	1090
66	1089
66	26
66	82
66	106
66	198
66	333
66	472
66	577
66	720
66	853
66	967
67	1091
67	1090
67	18
67	34
67	101
67	227
67	374
67	501
67	617
67	742
67	873
67	1021
68	1092
68	1091
68	21
68	32
68	76
68	153
68	268
68	400
68	515
68	658
68	789
68	897
69	1093
69	1092
69	36
69	82
69	121
69	181
69	313
69	417
69	557
69	680
69	801
69	946
70	1094
70	1093
70	1
70	64
70	117
70	221
70	330
70	467
70	580
70	710
70	862
70	960
71	1095
71	1094
71	29
71	63
71	120
71	250
71	360
71	509
71	617
71	752
71	880
71	1013
72	1096
72	1095
72	3
72	57
72	80
72	144
72	258
72	385
72	524
72	650
72	778
72	903
73	1097
73	1096
73	60
73	73
73	105
73	186
73	291
73	447
73	550
73	700
73	820
73	948
74	1098
74	1097
74	4
74	89
74	101
74	204
74	341
74	471
74	577
74	708
74	858
74	969
75	1099
75	1098
75	15
75	53
75	102
75	238
75	360
75	486
75	615
75	755
75	879
75	997
76	1100
76	1099
76	29
76	55
76	94
76	114
76	140
76	266
76	392
76	521
76	663
76	798
77	1101
77	1100
77	10
77	47
77	67
77	116
77	172
77	294
77	425
77	573
77	685
77	802
78	1102
78	1101
78	20
78	49
78	86
78	127
78	221
78	328
78	473
78	583
78	730
78	856
79	1103
79	1102
79	21
79	53
79	70
79	116
79	251
79	358
79	481
79	611
79	764
79	871
80	1104
80	1103
80	4
80	40
80	75
80	154
80	278
80	394
80	543
80	656
80	769
80	902
81	1105
81	1104
81	54
81	65
81	116
81	173
81	307
81	446
81	550
81	678
81	810
81	957
82	1106
82	1105
82	27
82	83
82	107
82	199
82	334
82	473
82	578
82	721
82	854
82	968
83	1107
83	1106
83	19
83	35
83	102
83	228
83	375
83	502
83	618
83	743
83	874
83	1022
84	1108
84	1107
84	22
84	33
84	77
84	154
84	269
84	401
84	516
84	659
84	790
84	898
85	1109
85	1108
85	37
85	83
85	122
85	182
85	314
85	418
85	558
85	681
85	802
85	947
86	1110
86	1109
86	2
86	65
86	118
86	222
86	331
86	468
86	581
86	711
86	863
86	961
87	1111
87	1110
87	30
87	32
87	121
87	251
87	361
87	510
87	618
87	753
87	881
87	1014
88	1112
88	1111
88	4
88	58
88	81
88	145
88	259
88	386
88	525
88	651
88	779
88	904
89	1113
89	1112
89	61
89	74
89	106
89	187
89	292
89	416
89	551
89	701
89	821
89	949
90	1114
90	1113
90	5
90	90
90	102
90	205
90	342
90	472
90	578
90	709
90	859
90	970
91	1115
91	1114
91	16
91	54
91	103
91	239
91	361
91	487
91	616
91	756
91	880
91	998
92	1116
92	1115
92	30
92	56
92	95
92	115
92	141
92	267
92	393
92	522
92	664
92	799
93	1117
93	1116
93	11
93	48
93	68
93	117
93	173
93	295
93	426
93	574
93	686
93	803
94	1118
94	1117
94	21
94	50
94	87
94	96
94	222
94	329
94	474
94	584
94	731
94	857
95	1119
95	1118
95	22
95	54
95	71
95	117
95	252
95	359
95	482
95	612
95	765
95	872
96	1120
96	1119
96	5
96	41
96	76
96	155
96	279
96	395
96	512
96	657
96	770
96	903
97	1121
97	1120
97	55
97	66
97	117
97	174
97	308
97	447
97	551
97	679
97	811
97	958
98	1122
98	1121
98	28
98	84
98	108
98	200
98	335
98	474
98	579
98	722
98	855
98	969
99	1123
99	1122
99	20
99	36
99	103
99	229
99	376
99	503
99	619
99	744
99	875
99	1023
100	1124
100	1123
100	23
100	34
100	78
100	155
100	270
100	402
100	517
100	660
100	791
100	899
101	1125
101	1124
101	38
101	84
101	123
101	183
101	315
101	419
101	559
101	682
101	803
101	948
102	1126
102	1125
102	3
102	66
102	119
102	223
102	332
102	469
102	582
102	712
102	832
102	962
103	1127
103	1126
103	31
103	33
103	122
103	252
103	362
103	511
103	619
103	754
103	882
103	1015
104	1128
104	1127
104	5
104	59
104	82
104	146
104	260
104	387
104	526
104	652
104	780
104	905
105	1129
105	1128
105	62
105	75
105	107
105	188
105	293
105	417
105	552
105	702
105	822
105	950
106	1130
106	1129
106	6
106	91
106	103
106	206
106	343
106	473
106	579
106	710
106	860
106	971
107	1131
107	1130
107	17
107	55
107	104
107	240
107	362
107	488
107	617
107	757
107	881
107	999
108	1132
108	1131
108	31
108	57
108	64
108	116
108	142
108	268
108	394
108	523
108	665
108	768
109	1133
109	1132
109	12
109	49
109	69
109	118
109	174
109	296
109	427
109	575
109	687
109	804
110	1134
110	1133
110	22
110	51
110	88
110	97
110	223
110	330
110	475
110	585
110	732
110	858
111	1135
111	1134
111	23
111	55
111	72
111	118
111	253
111	360
111	483
111	613
111	766
111	873
112	1136
112	1135
112	6
112	42
112	77
112	156
112	280
112	396
112	513
112	658
112	771
112	904
113	1137
113	1136
113	56
113	67
113	118
113	175
113	309
113	416
113	552
113	680
113	812
113	959
114	1138
114	1137
114	29
114	85
114	109
114	201
114	336
114	475
114	580
114	723
114	856
114	970
115	1139
115	1138
115	21
115	37
115	104
115	230
115	377
115	504
115	620
115	745
115	876
115	992
116	1140
116	1139
116	24
116	35
116	79
116	156
116	271
116	403
116	518
116	661
116	792
116	900
117	1141
117	1140
117	39
117	85
117	124
117	184
117	316
117	420
117	560
117	683
117	804
117	949
118	1142
118	1141
118	4
118	67
118	120
118	192
118	333
118	470
118	583
118	713
118	833
118	963
119	1143
119	1142
119	0
119	34
119	123
119	253
119	363
119	480
119	620
119	755
119	883
119	1016
120	1144
120	1143
120	6
120	60
120	83
120	147
120	261
120	388
120	527
120	653
120	781
120	906
121	1145
121	1144
121	63
121	76
121	108
121	189
121	294
121	418
121	553
121	703
121	823
121	951
122	1146
122	1145
122	7
122	92
122	104
122	207
122	344
122	474
122	580
122	711
122	861
122	972
123	1147
123	1146
123	18
123	56
123	105
123	241
123	363
123	489
123	618
123	758
123	882
123	1000
124	1148
124	1147
124	0
124	58
124	65
124	117
124	143
124	269
124	395
124	524
124	666
124	769
125	1149
125	1148
125	13
125	50
125	70
125	119
125	175
125	297
125	428
125	544
125	688
125	805
126	1150
126	1149
126	23
126	52
126	89
126	98
126	192
126	331
126	476
126	586
126	733
126	859
127	1151
127	1150
127	24
127	56
127	73
127	119
127	254
127	361
127	484
127	614
127	767
127	874
128	1152
128	1151
128	7
128	43
128	78
128	157
128	281
128	397
128	514
128	659
128	772
128	905
129	1153
129	1152
129	57
129	68
129	119
129	176
129	310
129	417
129	553
129	681
129	813
129	928
130	1154
130	1153
130	30
130	86
130	110
130	202
130	337
130	476
130	581
130	724
130	857
130	971
131	1155
131	1154
131	22
131	38
131	105
131	231
131	378
131	505
131	621
131	746
131	877
131	993
132	1156
132	1155
132	25
132	36
132	80
132	157
132	272
132	404
132	519
132	662
132	793
132	901
133	1157
133	1156
133	40
133	86
133	125
133	185
133	317
133	421
133	561
133	684
133	805
133	950
134	1158
134	1157
134	5
134	68
134	121
134	193
134	334
134	471
134	584
134	714
134	834
134	964
135	1159
135	1158
135	1
135	35
135	124
135	254
135	364
135	481
135	621
135	756
135	884
135	1017
136	1160
136	1159
136	7
136	61
136	84
136	148
136	262
136	389
136	528
136	654
136	782
136	907
137	1161
137	1160
137	32
137	77
137	109
137	190
137	295
137	419
137	554
137	672
137	824
137	952
138	1162
138	1161
138	8
138	93
138	105
138	208
138	345
138	475
138	581
138	712
138	862
138	973
139	1163
139	1162
139	19
139	57
139	106
139	242
139	364
139	490
139	619
139	759
139	883
139	1001
140	1164
140	1163
140	1
140	59
140	66
140	118
140	144
140	270
140	396
140	525
140	667
140	770
141	1165
141	1164
141	14
141	51
141	71
141	120
141	176
141	298
141	429
141	545
141	689
141	806
142	1166
142	1165
142	24
142	53
142	90
142	99
142	193
142	332
142	477
142	587
142	734
142	860
143	1167
143	1166
143	25
143	57
143	74
143	120
143	255
143	362
143	485
143	615
143	736
143	875
144	1168
144	1167
144	8
144	44
144	79
144	158
144	282
144	398
144	515
144	660
144	773
144	906
145	1169
145	1168
145	58
145	69
145	120
145	177
145	311
145	418
145	554
145	682
145	814
145	929
146	1170
146	1169
146	31
146	87
146	111
146	203
146	338
146	477
146	582
146	725
146	858
146	972
147	1171
147	1170
147	23
147	39
147	106
147	232
147	379
147	506
147	622
147	747
147	878
147	994
148	1172
148	1171
148	26
148	37
148	81
148	158
148	273
148	405
148	520
148	663
148	794
148	902
149	1173
149	1172
149	41
149	87
149	126
149	186
149	318
149	422
149	562
149	685
149	806
149	951
150	1174
150	1173
150	6
150	69
150	122
150	194
150	335
150	472
150	585
150	715
150	835
150	965
151	1175
151	1174
151	2
151	36
151	125
151	255
151	365
151	482
151	622
151	757
151	885
151	1018
152	1176
152	1175
152	8
152	62
152	85
152	149
152	263
152	390
152	529
152	655
152	783
152	908
153	1177
153	1176
153	33
153	78
153	110
153	191
153	296
153	420
153	555
153	673
153	825
153	953
154	1178
154	1177
154	9
154	94
154	106
154	209
154	346
154	476
154	582
154	713
154	863
154	974
155	1179
155	1178
155	20
155	58
155	107
155	243
155	365
155	491
155	620
155	760
155	884
155	1002
156	1180
156	1179
156	2
156	60
156	67
156	119
156	145
156	271
156	397
156	526
156	668
156	771
157	1181
157	1180
157	15
157	52
157	72
157	121
157	177
157	299
157	430
157	546
157	690
157	807
158	1182
158	1181
158	25
158	54
158	91
158	100
158	194
158	333
158	478
158	588
158	735
158	861
159	1183
159	1182
159	26
159	58
159	75
159	121
159	224
159	363
159	486
159	616
159	737
159	876
160	1184
160	1183
160	9
160	45
160	80
160	159
160	283
160	399
160	516
160	661
160	774
160	907
161	1185
161	1184
161	59
161	70
161	121
161	178
161	312
161	419
161	555
161	683
161	815
161	930
162	1186
162	1185
162	0
162	88
162	112
162	204
162	339
162	478
162	583
162	726
162	859
162	973
163	1187
163	1186
163	24
163	40
163	107
163	233
163	380
163	507
163	623
163	748
163	879
163	995
164	1188
164	1187
164	27
164	38
164	82
164	159
164	274
164	406
164	521
164	664
164	795
164	903
165	1189
165	1188
165	42
165	88
165	127
165	187
165	319
165	423
165	563
165	686
165	807
165	952
166	1190
166	1189
166	7
166	70
166	123
166	195
166	336
166	473
166	586
166	716
166	836
166	966
167	1191
167	1190
167	3
167	37
167	126
167	224
167	366
167	483
167	623
167	758
167	886
167	1019
168	1192
168	1191
168	9
168	63
168	86
168	150
168	264
168	391
168	530
168	656
168	784
168	909
169	1193
169	1192
169	34
169	79
169	111
169	160
169	297
169	421
169	556
169	674
169	826
169	954
170	1194
170	1193
170	10
170	95
170	107
170	210
170	347
170	477
170	583
170	714
170	832
170	975
171	1195
171	1194
171	21
171	59
171	108
171	244
171	366
171	492
171	621
171	761
171	885
171	1003
172	1196
172	1195
172	3
172	61
172	68
172	120
172	146
172	272
172	398
172	527
172	669
172	772
173	1197
173	1196
173	16
173	53
173	73
173	122
173	178
173	300
173	431
173	547
173	691
173	808
174	1198
174	1197
174	26
174	55
174	92
174	101
174	195
174	334
174	479
174	589
174	704
174	862
175	1199
175	1198
175	27
175	59
175	76
175	122
175	225
175	364
175	487
175	617
175	738
175	877
176	1200
176	1199
176	10
176	46
176	81
176	128
176	284
176	400
176	517
176	662
176	775
176	908
177	1201
177	1200
177	60
177	71
177	122
177	179
177	313
177	420
177	556
177	684
177	816
177	931
178	1202
178	1201
178	1
178	89
178	113
178	205
178	340
178	479
178	584
178	727
178	860
178	974
179	1203
179	1202
179	25
179	41
179	108
179	234
179	381
179	508
179	624
179	749
179	880
179	996
180	1204
180	1203
180	28
180	39
180	83
180	128
180	275
180	407
180	522
180	665
180	796
180	904
181	1205
181	1204
181	43
181	89
181	96
181	188
181	288
181	424
181	564
181	687
181	808
181	953
182	1206
182	1205
182	8
182	71
182	124
182	196
182	337
182	474
182	587
182	717
182	837
182	967
183	1207
183	1206
183	4
183	38
183	127
183	225
183	367
183	484
183	624
183	759
183	887
183	1020
184	1208
184	1207
184	10
184	32
184	87
184	151
184	265
184	392
184	531
184	657
184	785
184	910
185	1209
185	1208
185	35
185	80
185	112
185	161
185	298
185	422
185	557
185	675
185	827
185	955
186	1210
186	1209
186	11
186	64
186	108
186	211
186	348
186	478
186	584
186	715
186	833
186	976
187	1211
187	1210
187	22
187	60
187	109
187	245
187	367
187	493
187	622
187	762
187	886
187	1004
188	1212
188	1211
188	4
188	62
188	69
188	121
188	147
188	273
188	399
188	528
188	670
188	773
189	1213
189	1212
189	17
189	54
189	74
189	123
189	179
189	301
189	432
189	548
189	692
189	809
190	1214
190	1213
190	27
190	56
190	93
190	102
190	196
190	335
190	448
190	590
190	705
190	863
191	1215
191	1214
191	28
191	60
191	77
191	123
191	226
191	365
191	488
191	618
191	739
191	878
192	1216
192	1215
192	11
192	47
192	82
192	129
192	285
192	401
192	518
192	663
192	776
192	909
193	1217
193	1216
193	61
193	72
193	123
193	180
193	314
193	421
193	557
193	685
193	817
193	932
194	1218
194	1217
194	2
194	90
194	114
194	206
194	341
194	448
194	585
194	728
194	861
194	975
195	1219
195	1218
195	26
195	42
195	109
195	235
195	382
195	509
195	625
195	750
195	881
195	997
196	1220
196	1219
196	29
196	40
196	84
196	129
196	276
196	408
196	523
196	666
196	797
196	905
197	1221
197	1220
197	44
197	90
197	97
197	189
197	289
197	425
197	565
197	688
197	809
197	954
198	1222
198	1221
198	9
198	72
198	125
198	197
198	338
198	475
198	588
198	718
198	838
198	968
199	1223
199	1222
199	5
199	39
199	96
199	226
199	368
199	485
199	625
199	760
199	888
199	1021
200	1224
200	1223
200	11
200	33
200	88
200	152
200	266
200	393
200	532
200	658
200	786
200	911
201	1225
201	1224
201	36
201	81
201	113
201	162
201	299
201	423
201	558
201	676
201	828
201	956
202	1226
202	1225
202	12
202	65
202	109
202	212
202	349
202	479
202	585
202	716
202	834
202	977
203	1227
203	1226
203	23
203	61
203	110
203	246
203	368
203	494
203	623
203	763
203	887
203	1005
204	1228
204	1227
204	5
204	63
204	70
204	122
204	148
204	274
204	400
204	529
204	671
204	774
205	1229
205	1228
205	18
205	55
205	75
205	124
205	180
205	302
205	433
205	549
205	693
205	810
206	1230
206	1229
206	28
206	57
206	94
206	103
206	197
206	336
206	449
206	591
206	706
206	832
207	1231
207	1230
207	29
207	61
207	78
207	124
207	227
207	366
207	489
207	619
207	740
207	879
208	1232
208	1231
208	12
208	48
208	83
208	130
208	286
208	402
208	519
208	664
208	777
208	910
209	1233
209	1232
209	62
209	73
209	124
209	181
209	315
209	422
209	558
209	686
209	818
209	933
210	1234
210	1233
210	3
210	91
210	115
210	207
210	342
210	449
210	586
210	729
210	862
210	976
211	1235
211	1234
211	27
211	43
211	110
211	236
211	383
211	510
211	626
211	751
211	882
211	998
212	1236
212	1235
212	30
212	41
212	85
212	130
212	277
212	409
212	524
212	667
212	798
212	906
213	1237
213	1236
213	45
213	91
213	98
213	190
213	290
213	426
213	566
213	689
213	810
213	955
214	1238
214	1237
214	10
214	73
214	126
214	198
214	339
214	476
214	589
214	719
214	839
214	969
215	1239
215	1238
215	6
215	40
215	97
215	227
215	369
215	486
215	626
215	761
215	889
215	1022
216	1240
216	1239
216	12
216	34
216	89
216	153
216	267
216	394
216	533
216	659
216	787
216	912
217	1241
217	1240
217	37
217	82
217	114
217	163
217	300
217	424
217	559
217	677
217	829
217	957
218	1242
218	1241
218	13
218	66
218	110
218	213
218	350
218	448
218	586
218	717
218	835
218	978
219	1243
219	1242
219	24
219	62
219	111
219	247
219	369
219	495
219	624
219	764
219	888
219	1006
220	1244
220	1243
220	6
220	32
220	71
220	123
220	149
220	275
220	401
220	530
220	640
220	775
221	1245
221	1244
221	19
221	56
221	76
221	125
221	181
221	303
221	434
221	550
221	694
221	811
222	1246
222	1245
222	29
222	58
222	95
222	104
222	198
222	337
222	450
222	592
222	707
222	833
223	1247
223	1246
223	30
223	62
223	79
223	125
223	228
223	367
223	490
223	620
223	741
223	880
224	1248
224	1247
224	13
224	49
224	84
224	131
224	287
224	403
224	520
224	665
224	778
224	911
225	1249
225	1248
225	63
225	74
225	125
225	182
225	316
225	423
225	559
225	687
225	819
225	934
226	1250
226	1249
226	4
226	92
226	116
226	208
226	343
226	450
226	587
226	730
226	863
226	977
227	1251
227	1250
227	28
227	44
227	111
227	237
227	352
227	511
227	627
227	752
227	883
227	999
228	1252
228	1251
228	31
228	42
228	86
228	131
228	278
228	410
228	525
228	668
228	799
228	907
229	1253
229	1252
229	46
229	92
229	99
229	191
229	291
229	427
229	567
229	690
229	811
229	956
230	1254
230	1253
230	11
230	74
230	127
230	199
230	340
230	477
230	590
230	720
230	840
230	970
231	1255
231	1254
231	7
231	41
231	98
231	228
231	370
231	487
231	627
231	762
231	890
231	1023
232	1256
232	1255
232	13
232	35
232	90
232	154
232	268
232	395
232	534
232	660
232	788
232	913
233	1257
233	1256
233	38
233	83
233	115
233	164
233	301
233	425
233	560
233	678
233	830
233	958
234	1258
234	1257
234	14
234	67
234	111
234	214
234	351
234	449
234	587
234	718
234	836
234	979
235	1259
235	1258
235	25
235	63
235	112
235	248
235	370
235	496
235	625
235	765
235	889
235	1007
236	1260
236	1259
236	7
236	33
236	72
236	124
236	150
236	276
236	402
236	531
236	641
236	776
237	1261
237	1260
237	20
237	57
237	77
237	126
237	182
237	304
237	435
237	551
237	695
237	812
238	1262
238	1261
238	30
238	59
238	64
238	105
238	199
238	338
238	451
238	593
238	708
238	834
239	1263
239	1262
239	31
239	63
239	80
239	126
239	229
239	368
239	491
239	621
239	742
239	881
240	1264
240	1263
240	14
240	50
240	85
240	132
240	256
240	404
240	521
240	666
240	779
240	912
241	1265
241	1264
241	32
241	75
241	126
241	183
241	317
241	424
241	560
241	688
241	820
241	935
242	1266
242	1265
242	5
242	93
242	117
242	209
242	344
242	451
242	588
242	731
242	832
242	978
243	1267
243	1266
243	29
243	45
243	112
243	238
243	353
243	480
243	628
243	753
243	884
243	1000
244	1268
244	1267
244	0
244	43
244	87
244	132
244	279
244	411
244	526
244	669
244	768
244	908
245	1269
245	1268
245	47
245	93
245	100
245	160
245	292
245	428
245	568
245	691
245	812
245	957
246	1270
246	1269
246	12
246	75
246	96
246	200
246	341
246	478
246	591
246	721
246	841
246	971
247	1271
247	1270
247	8
247	42
247	99
247	229
247	371
247	488
247	628
247	763
247	891
247	992
248	1272
248	1271
248	14
248	36
248	91
248	155
248	269
248	396
248	535
248	661
248	789
248	914
249	1273
249	1272
249	39
249	84
249	116
249	165
249	302
249	426
249	561
249	679
249	831
249	959
250	1274
250	1273
250	15
250	68
250	112
250	215
250	320
250	450
250	588
250	719
250	837
250	980
251	1275
251	1274
251	26
251	32
251	113
251	249
251	371
251	497
251	626
251	766
251	890
251	1008
252	1276
252	1275
252	8
252	34
252	73
252	125
252	151
252	277
252	403
252	532
252	642
252	777
253	1277
253	1276
253	21
253	58
253	78
253	127
253	183
253	305
253	436
253	552
253	696
253	813
254	1278
254	1277
254	31
254	60
254	65
254	106
254	200
254	339
254	452
254	594
254	709
254	835
255	1279
255	1278
255	0
255	32
255	81
255	127
255	230
255	369
255	492
255	622
255	743
255	882
256	1280
256	1279
256	15
256	51
256	86
256	133
256	257
256	405
256	522
256	667
256	780
256	913
257	1281
257	1280
257	33
257	76
257	127
257	184
257	318
257	425
257	561
257	689
257	821
257	936
258	1282
258	1281
258	6
258	94
258	118
258	210
258	345
258	452
258	589
258	732
258	833
258	979
259	1283
259	1282
259	30
259	46
259	113
259	239
259	354
259	481
259	629
259	754
259	885
259	1001
260	1284
260	1283
260	1
260	44
260	88
260	133
260	280
260	412
260	527
260	670
260	769
260	909
261	1285
261	1284
261	48
261	94
261	101
261	161
261	293
261	429
261	569
261	692
261	813
261	958
262	1286
262	1285
262	13
262	76
262	97
262	201
262	342
262	479
262	592
262	722
262	842
262	972
263	1287
263	1286
263	9
263	43
263	100
263	230
263	372
263	489
263	629
263	764
263	892
263	993
264	1288
264	1287
264	15
264	37
264	92
264	156
264	270
264	397
264	536
264	662
264	790
264	915
265	1289
265	1288
265	40
265	85
265	117
265	166
265	303
265	427
265	562
265	680
265	800
265	928
266	1290
266	1289
266	16
266	69
266	113
266	216
266	321
266	451
266	589
266	720
266	838
266	981
267	1291
267	1290
267	27
267	33
267	114
267	250
267	372
267	498
267	627
267	767
267	891
267	1009
268	1292
268	1291
268	9
268	35
268	74
268	126
268	152
268	278
268	404
268	533
268	643
268	778
269	1293
269	1292
269	22
269	59
269	79
269	96
269	184
269	306
269	437
269	553
269	697
269	814
270	1294
270	1293
270	0
270	61
270	66
270	107
270	201
270	340
270	453
270	595
270	710
270	836
271	1295
271	1294
271	1
271	33
271	82
271	96
271	231
271	370
271	493
271	623
271	744
271	883
272	1296
272	1295
272	16
272	52
272	87
272	134
272	258
272	406
272	523
272	668
272	781
272	914
273	1297
273	1296
273	34
273	77
273	96
273	185
273	319
273	426
273	562
273	690
273	822
273	937
274	1298
274	1297
274	7
274	95
274	119
274	211
274	346
274	453
274	590
274	733
274	834
274	980
275	1299
275	1298
275	31
275	47
275	114
275	240
275	355
275	482
275	630
275	755
275	886
275	1002
276	1300
276	1299
276	2
276	45
276	89
276	134
276	281
276	413
276	528
276	671
276	770
276	910
277	1301
277	1300
277	49
277	95
277	102
277	162
277	294
277	430
277	570
277	693
277	814
277	959
278	1302
278	1301
278	14
278	77
278	98
278	202
278	343
278	448
278	593
278	723
278	843
278	973
279	1303
279	1302
279	10
279	44
279	101
279	231
279	373
279	490
279	630
279	765
279	893
279	994
280	1304
280	1303
280	16
280	38
280	93
280	157
280	271
280	398
280	537
280	663
280	791
280	916
281	1305
281	1304
281	41
281	86
281	118
281	167
281	304
281	428
281	563
281	681
281	801
281	929
282	1306
282	1305
282	17
282	70
282	114
282	217
282	322
282	452
282	590
282	721
282	839
282	982
283	1307
283	1306
283	28
283	34
283	115
283	251
283	373
283	499
283	628
283	736
283	892
283	1010
284	1308
284	1307
284	10
284	36
284	75
284	127
284	153
284	279
284	405
284	534
284	644
284	779
285	1309
285	1308
285	23
285	60
285	80
285	97
285	185
285	307
285	438
285	554
285	698
285	815
286	1310
286	1309
286	1
286	62
286	67
286	108
286	202
286	341
286	454
286	596
286	711
286	837
287	1311
287	1310
287	2
287	34
287	83
287	97
287	232
287	371
287	494
287	624
287	745
287	884
288	1312
288	1311
288	17
288	53
288	88
288	135
288	259
288	407
288	524
288	669
288	782
288	915
289	1313
289	1312
289	35
289	78
289	97
289	186
289	288
289	427
289	563
289	691
289	823
289	938
290	1314
290	1313
290	8
290	64
290	120
290	212
290	347
290	454
290	591
290	734
290	835
290	981
291	1315
291	1314
291	0
291	48
291	115
291	241
291	356
291	483
291	631
291	756
291	887
291	1003
292	1316
292	1315
292	3
292	46
292	90
292	135
292	282
292	414
292	529
292	640
292	771
292	911
293	1317
293	1316
293	50
293	64
293	103
293	163
293	295
293	431
293	571
293	694
293	815
293	928
294	1318
294	1317
294	15
294	78
294	99
294	203
294	344
294	449
294	594
294	724
294	844
294	974
295	1319
295	1318
295	11
295	45
295	102
295	232
295	374
295	491
295	631
295	766
295	894
295	995
296	1320
296	1319
296	17
296	39
296	94
296	158
296	272
296	399
296	538
296	664
296	792
296	917
297	1321
297	1320
297	42
297	87
297	119
297	168
297	305
297	429
297	564
297	682
297	802
297	930
298	1322
298	1321
298	18
298	71
298	115
298	218
298	323
298	453
298	591
298	722
298	840
298	983
299	1323
299	1322
299	29
299	35
299	116
299	252
299	374
299	500
299	629
299	737
299	893
299	1011
300	1324
300	1323
300	11
300	37
300	76
300	96
300	154
300	280
300	406
300	535
300	645
300	780
301	1325
301	1324
301	24
301	61
301	81
301	98
301	186
301	308
301	439
301	555
301	699
301	816
302	1326
302	1325
302	2
302	63
302	68
302	109
302	203
302	342
302	455
302	597
302	712
302	838
303	1327
303	1326
303	3
303	35
303	84
303	98
303	233
303	372
303	495
303	625
303	746
303	885
304	1328
304	1327
304	18
304	54
304	89
304	136
304	260
304	408
304	525
304	670
304	783
304	916
305	1329
305	1328
305	36
305	79
305	98
305	187
305	289
305	428
305	564
305	692
305	824
305	939
306	1330
306	1329
306	9
306	65
306	121
306	213
306	348
306	455
306	592
306	735
306	836
306	982
307	1331
307	1330
307	1
307	49
307	116
307	242
307	357
307	484
307	632
307	757
307	888
307	1004
308	1332
308	1331
308	4
308	47
308	91
308	136
308	283
308	415
308	530
308	641
308	772
308	912
309	1333
309	1332
309	51
309	65
309	104
309	164
309	296
309	432
309	572
309	695
309	816
309	929
310	1334
310	1333
310	16
310	79
310	100
310	204
310	345
310	450
310	595
310	725
310	845
310	975
311	1335
311	1334
311	12
311	46
311	103
311	233
311	375
311	492
311	632
311	767
311	895
311	996
312	1336
312	1335
312	18
312	40
312	95
312	159
312	273
312	400
312	539
312	665
312	793
312	918
313	1337
313	1336
313	43
313	88
313	120
313	169
313	306
313	430
313	565
313	683
313	803
313	931
314	1338
314	1337
314	19
314	72
314	116
314	219
314	324
314	454
314	592
314	723
314	841
314	984
315	1339
315	1338
315	30
315	36
315	117
315	253
315	375
315	501
315	630
315	738
315	894
315	1012
316	1340
316	1339
316	12
316	38
316	77
316	97
316	155
316	281
316	407
316	536
316	646
316	781
317	1341
317	1340
317	25
317	62
317	82
317	99
317	187
317	309
317	440
317	556
317	700
317	817
318	1342
318	1341
318	3
318	32
318	69
318	110
318	204
318	343
318	456
318	598
318	713
318	839
319	1343
319	1342
319	4
319	36
319	85
319	99
319	234
319	373
319	496
319	626
319	747
319	886
320	1344
320	1343
320	19
320	55
320	90
320	137
320	261
320	409
320	526
320	671
320	784
320	917
321	1345
321	1344
321	37
321	80
321	99
321	188
321	290
321	429
321	565
321	693
321	825
321	940
322	1346
322	1345
322	10
322	66
322	122
322	214
322	349
322	456
322	593
322	704
322	837
322	983
323	1347
323	1346
323	2
323	50
323	117
323	243
323	358
323	485
323	633
323	758
323	889
323	1005
324	1348
324	1347
324	5
324	48
324	92
324	137
324	284
324	384
324	531
324	642
324	773
324	913
325	1349
325	1348
325	52
325	66
325	105
325	165
325	297
325	433
325	573
325	696
325	817
325	930
326	1350
326	1349
326	17
326	80
326	101
326	205
326	346
326	451
326	596
326	726
326	846
326	976
327	1351
327	1350
327	13
327	47
327	104
327	234
327	376
327	493
327	633
327	736
327	864
327	997
328	1352
328	1351
328	19
328	41
328	64
328	128
328	274
328	401
328	540
328	666
328	794
328	919
329	1353
329	1352
329	44
329	89
329	121
329	170
329	307
329	431
329	566
329	684
329	804
329	932
330	1354
330	1353
330	20
330	73
330	117
330	220
330	325
330	455
330	593
330	724
330	842
330	985
331	1355
331	1354
331	31
331	37
331	118
331	254
331	376
331	502
331	631
331	739
331	895
331	1013
332	1356
332	1355
332	13
332	39
332	78
332	98
332	156
332	282
332	408
332	537
332	647
332	782
333	1357
333	1356
333	26
333	63
333	83
333	100
333	188
333	310
333	441
333	557
333	701
333	818
334	1358
334	1357
334	4
334	33
334	70
334	111
334	205
334	344
334	457
334	599
334	714
334	840
335	1359
335	1358
335	5
335	37
335	86
335	100
335	235
335	374
335	497
335	627
335	748
335	887
336	1360
336	1359
336	20
336	56
336	91
336	138
336	262
336	410
336	527
336	640
336	785
336	918
337	1361
337	1360
337	38
337	81
337	100
337	189
337	291
337	430
337	566
337	694
337	826
337	941
338	1362
338	1361
338	11
338	67
338	123
338	215
338	350
338	457
338	594
338	705
338	838
338	984
339	1363
339	1362
339	3
339	51
339	118
339	244
339	359
339	486
339	634
339	759
339	890
339	1006
340	1364
340	1363
340	6
340	49
340	93
340	138
340	285
340	385
340	532
340	643
340	774
340	914
341	1365
341	1364
341	53
341	67
341	106
341	166
341	298
341	434
341	574
341	697
341	818
341	931
342	1366
342	1365
342	18
342	81
342	102
342	206
342	347
342	452
342	597
342	727
342	847
342	977
343	1367
343	1366
343	14
343	48
343	105
343	235
343	377
343	494
343	634
343	737
343	865
343	998
344	1368
344	1367
344	20
344	42
344	65
344	129
344	275
344	402
344	541
344	667
344	795
344	920
345	1369
345	1368
345	45
345	90
345	122
345	171
345	308
345	432
345	567
345	685
345	805
345	933
346	1370
346	1369
346	21
346	74
346	118
346	221
346	326
346	456
346	594
346	725
346	843
346	986
347	1371
347	1370
347	0
347	38
347	119
347	255
347	377
347	503
347	632
347	740
347	864
347	1014
348	1372
348	1371
348	14
348	40
348	79
348	99
348	157
348	283
348	409
348	538
348	648
348	783
349	1373
349	1372
349	27
349	32
349	84
349	101
349	189
349	311
349	442
349	558
349	702
349	819
350	1374
350	1373
350	5
350	34
350	71
350	112
350	206
350	345
350	458
350	600
350	715
350	841
351	1375
351	1374
351	6
351	38
351	87
351	101
351	236
351	375
351	498
351	628
351	749
351	888
352	1376
352	1375
352	21
352	57
352	92
352	139
352	263
352	411
352	528
352	641
352	786
352	919
353	1377
353	1376
353	39
353	82
353	101
353	190
353	292
353	431
353	567
353	695
353	827
353	942
354	1378
354	1377
354	12
354	68
354	124
354	216
354	351
354	458
354	595
354	706
354	839
354	985
355	1379
355	1378
355	4
355	52
355	119
355	245
355	360
355	487
355	635
355	760
355	891
355	1007
356	1380
356	1379
356	7
356	50
356	94
356	139
356	286
356	386
356	533
356	644
356	775
356	915
357	1381
357	1380
357	54
357	68
357	107
357	167
357	299
357	435
357	575
357	698
357	819
357	932
358	1382
358	1381
358	19
358	82
358	103
358	207
358	348
358	453
358	598
358	728
358	848
358	978
359	1383
359	1382
359	15
359	49
359	106
359	236
359	378
359	495
359	635
359	738
359	866
359	999
360	1384
360	1383
360	21
360	43
360	66
360	130
360	276
360	403
360	542
360	668
360	796
360	921
361	1385
361	1384
361	46
361	91
361	123
361	172
361	309
361	433
361	568
361	686
361	806
361	934
362	1386
362	1385
362	22
362	75
362	119
362	222
362	327
362	457
362	595
362	726
362	844
362	987
363	1387
363	1386
363	1
363	39
363	120
363	224
363	378
363	504
363	633
363	741
363	865
363	1015
364	1388
364	1387
364	15
364	41
364	80
364	100
364	158
364	284
364	410
364	539
364	649
364	784
365	1389
365	1388
365	28
365	33
365	85
365	102
365	190
365	312
365	443
365	559
365	703
365	820
366	1390
366	1389
366	6
366	35
366	72
366	113
366	207
366	346
366	459
366	601
366	716
366	842
367	1391
367	1390
367	7
367	39
367	88
367	102
367	237
367	376
367	499
367	629
367	750
367	889
368	1392
368	1391
368	22
368	58
368	93
368	140
368	264
368	412
368	529
368	642
368	787
368	920
369	1393
369	1392
369	40
369	83
369	102
369	191
369	293
369	432
369	568
369	696
369	828
369	943
370	1394
370	1393
370	13
370	69
370	125
370	217
370	320
370	459
370	596
370	707
370	840
370	986
371	1395
371	1394
371	5
371	53
371	120
371	246
371	361
371	488
371	636
371	761
371	892
371	1008
372	1396
372	1395
372	8
372	51
372	95
372	140
372	287
372	387
372	534
372	645
372	776
372	916
373	1397
373	1396
373	55
373	69
373	108
373	168
373	300
373	436
373	544
373	699
373	820
373	933
374	1398
374	1397
374	20
374	83
374	104
374	208
374	349
374	454
374	599
374	729
374	849
374	979
375	1399
375	1398
375	16
375	50
375	107
375	237
375	379
375	496
375	636
375	739
375	867
375	1000
376	1400
376	1399
376	22
376	44
376	67
376	131
376	277
376	404
376	543
376	669
376	797
376	922
377	1401
377	1400
377	47
377	92
377	124
377	173
377	310
377	434
377	569
377	687
377	807
377	935
378	1402
378	1401
378	23
378	76
378	120
378	223
378	328
378	458
378	596
378	727
378	845
378	988
379	1403
379	1402
379	2
379	40
379	121
379	225
379	379
379	505
379	634
379	742
379	866
379	1016
380	1404
380	1403
380	16
380	42
380	81
380	101
380	159
380	285
380	411
380	540
380	650
380	785
381	1405
381	1404
381	29
381	34
381	86
381	103
381	191
381	313
381	444
381	560
381	672
381	821
382	1406
382	1405
382	7
382	36
382	73
382	114
382	208
382	347
382	460
382	602
382	717
382	843
383	1407
383	1406
383	8
383	40
383	89
383	103
383	238
383	377
383	500
383	630
383	751
383	890
384	1408
384	1407
384	23
384	59
384	94
384	141
384	265
384	413
384	530
384	643
384	788
384	921
385	1409
385	1408
385	41
385	84
385	103
385	160
385	294
385	433
385	569
385	697
385	829
385	944
386	1410
386	1409
386	14
386	70
386	126
386	218
386	321
386	460
386	597
386	708
386	841
386	987
387	1411
387	1410
387	6
387	54
387	121
387	247
387	362
387	489
387	637
387	762
387	893
387	1009
388	1412
388	1411
388	9
388	52
388	64
388	141
388	256
388	388
388	535
388	646
388	777
388	917
389	1413
389	1412
389	56
389	70
389	109
389	169
389	301
389	437
389	545
389	700
389	821
389	934
390	1414
390	1413
390	21
390	84
390	105
390	209
390	350
390	455
390	600
390	730
390	850
390	980
391	1415
391	1414
391	17
391	51
391	108
391	238
391	380
391	497
391	637
391	740
391	868
391	1001
392	1416
392	1415
392	23
392	45
392	68
392	132
392	278
392	405
392	512
392	670
392	798
392	923
393	1417
393	1416
393	48
393	93
393	125
393	174
393	311
393	435
393	570
393	688
393	808
393	936
394	1418
394	1417
394	24
394	77
394	121
394	192
394	329
394	459
394	597
394	728
394	846
394	989
395	1419
395	1418
395	3
395	41
395	122
395	226
395	380
395	506
395	635
395	743
395	867
395	1017
396	1420
396	1419
396	17
396	43
396	82
396	102
396	128
396	286
396	412
396	541
396	651
396	786
397	1421
397	1420
397	30
397	35
397	87
397	104
397	160
397	314
397	445
397	561
397	673
397	822
398	1422
398	1421
398	8
398	37
398	74
398	115
398	209
398	348
398	461
398	603
398	718
398	844
399	1423
399	1422
399	9
399	41
399	90
399	104
399	239
399	378
399	501
399	631
399	752
399	891
400	1424
400	1423
400	24
400	60
400	95
400	142
400	266
400	414
400	531
400	644
400	789
400	922
401	1425
401	1424
401	42
401	85
401	104
401	161
401	295
401	434
401	570
401	698
401	830
401	945
402	1426
402	1425
402	15
402	71
402	127
402	219
402	322
402	461
402	598
402	709
402	842
402	988
403	1427
403	1426
403	7
403	55
403	122
403	248
403	363
403	490
403	638
403	763
403	894
403	1010
404	1428
404	1427
404	10
404	53
404	65
404	142
404	257
404	389
404	536
404	647
404	778
404	918
405	1429
405	1428
405	57
405	71
405	110
405	170
405	302
405	438
405	546
405	701
405	822
405	935
406	1430
406	1429
406	22
406	85
406	106
406	210
406	351
406	456
406	601
406	731
406	851
406	981
407	1431
407	1430
407	18
407	52
407	109
407	239
407	381
407	498
407	638
407	741
407	869
407	1002
408	1432
408	1431
408	24
408	46
408	69
408	133
408	279
408	406
408	513
408	671
408	799
408	924
409	1433
409	1432
409	49
409	94
409	126
409	175
409	312
409	436
409	571
409	689
409	809
409	937
410	1434
410	1433
410	25
410	78
410	122
410	193
410	330
410	460
410	598
410	729
410	847
410	990
411	1435
411	1434
411	4
411	42
411	123
411	227
411	381
411	507
411	636
411	744
411	868
411	1018
412	1436
412	1435
412	18
412	44
412	83
412	103
412	129
412	287
412	413
412	542
412	652
412	787
413	1437
413	1436
413	31
413	36
413	88
413	105
413	161
413	315
413	446
413	562
413	674
413	823
414	1438
414	1437
414	9
414	38
414	75
414	116
414	210
414	349
414	462
414	604
414	719
414	845
415	1439
415	1438
415	10
415	42
415	91
415	105
415	240
415	379
415	502
415	632
415	753
415	892
416	1440
416	1439
416	25
416	61
416	64
416	143
416	267
416	415
416	532
416	645
416	790
416	923
417	1441
417	1440
417	43
417	86
417	105
417	162
417	296
417	435
417	571
417	699
417	831
417	946
418	1442
418	1441
418	16
418	72
418	96
418	220
418	323
418	462
418	599
418	710
418	843
418	989
419	1443
419	1442
419	8
419	56
419	123
419	249
419	364
419	491
419	639
419	764
419	895
419	1011
420	1444
420	1443
420	11
420	54
420	66
420	143
420	258
420	390
420	537
420	648
420	779
420	919
421	1445
421	1444
421	58
421	72
421	111
421	171
421	303
421	439
421	547
421	702
421	823
421	936
422	1446
422	1445
422	23
422	86
422	107
422	211
422	320
422	457
422	602
422	732
422	852
422	982
423	1447
423	1446
423	19
423	53
423	110
423	240
423	382
423	499
423	639
423	742
423	870
423	1003
424	1448
424	1447
424	25
424	47
424	70
424	134
424	280
424	407
424	514
424	640
424	768
424	925
425	1449
425	1448
425	50
425	95
425	127
425	176
425	313
425	437
425	572
425	690
425	810
425	938
426	1450
426	1449
426	26
426	79
426	123
426	194
426	331
426	461
426	599
426	730
426	848
426	991
427	1451
427	1450
427	5
427	43
427	124
427	228
427	382
427	508
427	637
427	745
427	869
427	1019
428	1452
428	1451
428	19
428	45
428	84
428	104
428	130
428	256
428	414
428	543
428	653
428	788
429	1453
429	1452
429	0
429	37
429	89
429	106
429	162
429	316
429	447
429	563
429	675
429	824
430	1454
430	1453
430	10
430	39
430	76
430	117
430	211
430	350
430	463
430	605
430	720
430	846
431	1455
431	1454
431	11
431	43
431	92
431	106
431	241
431	380
431	503
431	633
431	754
431	893
432	1456
432	1455
432	26
432	62
432	65
432	144
432	268
432	384
432	533
432	646
432	791
432	924
433	1457
433	1456
433	44
433	87
433	106
433	163
433	297
433	436
433	572
433	700
433	800
433	947
434	1458
434	1457
434	17
434	73
434	97
434	221
434	324
434	463
434	600
434	711
434	844
434	990
435	1459
435	1458
435	9
435	57
435	124
435	250
435	365
435	492
435	608
435	765
435	864
435	1012
436	1460
436	1459
436	12
436	55
436	67
436	144
436	259
436	391
436	538
436	649
436	780
436	920
437	1461
437	1460
437	59
437	73
437	112
437	172
437	304
437	440
437	548
437	703
437	824
437	937
438	1462
438	1461
438	24
438	87
438	108
438	212
438	321
438	458
438	603
438	733
438	853
438	983
439	1463
439	1462
439	20
439	54
439	111
439	241
439	383
439	500
439	608
439	743
439	871
439	1004
440	1464
440	1463
440	26
440	48
440	71
440	135
440	281
440	408
440	515
440	641
440	769
440	926
441	1465
441	1464
441	51
441	64
441	96
441	177
441	314
441	438
441	573
441	691
441	811
441	939
442	1466
442	1465
442	27
442	80
442	124
442	195
442	332
442	462
442	600
442	731
442	849
442	960
443	1467
443	1466
443	6
443	44
443	125
443	229
443	383
443	509
443	638
443	746
443	870
443	1020
444	1468
444	1467
444	20
444	46
444	85
444	105
444	131
444	257
444	415
444	512
444	654
444	789
445	1469
445	1468
445	1
445	38
445	90
445	107
445	163
445	317
445	416
445	564
445	676
445	825
446	1470
446	1469
446	11
446	40
446	77
446	118
446	212
446	351
446	464
446	606
446	721
446	847
447	1471
447	1470
447	12
447	44
447	93
447	107
447	242
447	381
447	504
447	634
447	755
447	894
448	1472
448	1471
448	27
448	63
448	66
448	145
448	269
448	385
448	534
448	647
448	792
448	925
449	1473
449	1472
449	45
449	88
449	107
449	164
449	298
449	437
449	573
449	701
449	801
449	948
450	1474
450	1473
450	18
450	74
450	98
450	222
450	325
450	464
450	601
450	712
450	845
450	991
451	1475
451	1474
451	10
451	58
451	125
451	251
451	366
451	493
451	609
451	766
451	865
451	1013
452	1476
452	1475
452	13
452	56
452	68
452	145
452	260
452	392
452	539
452	650
452	781
452	921
453	1477
453	1476
453	60
453	74
453	113
453	173
453	305
453	441
453	549
453	672
453	825
453	938
454	1478
454	1477
454	25
454	88
454	109
454	213
454	322
454	459
454	604
454	734
454	854
454	984
455	1479
455	1478
455	21
455	55
455	112
455	242
455	352
455	501
455	609
455	744
455	872
455	1005
456	1480
456	1479
456	27
456	49
456	72
456	136
456	282
456	409
456	516
456	642
456	770
456	927
457	1481
457	1480
457	52
457	65
457	97
457	178
457	315
457	439
457	574
457	692
457	812
457	940
458	1482
458	1481
458	28
458	81
458	125
458	196
458	333
458	463
458	601
458	732
458	850
458	961
459	1483
459	1482
459	7
459	45
459	126
459	230
459	352
459	510
459	639
459	747
459	871
459	1021
460	1484
460	1483
460	21
460	47
460	86
460	106
460	132
460	258
460	384
460	513
460	655
460	790
461	1485
461	1484
461	2
461	39
461	91
461	108
461	164
461	318
461	417
461	565
461	677
461	826
462	1486
462	1485
462	12
462	41
462	78
462	119
462	213
462	320
462	465
462	607
462	722
462	848
463	1487
463	1486
463	13
463	45
463	94
463	108
463	243
463	382
463	505
463	635
463	756
463	895
464	1488
464	1487
464	28
464	32
464	67
464	146
464	270
464	386
464	535
464	648
464	793
464	926
465	1489
465	1488
465	46
465	89
465	108
465	165
465	299
465	438
465	574
465	702
465	802
465	949
466	1490
466	1489
466	19
466	75
466	99
466	223
466	326
466	465
466	602
466	713
466	846
466	960
467	1491
467	1490
467	11
467	59
467	126
467	252
467	367
467	494
467	610
467	767
467	866
467	1014
468	1492
468	1491
468	14
468	57
468	69
468	146
468	261
468	393
468	540
468	651
468	782
468	922
469	1493
469	1492
469	61
469	75
469	114
469	174
469	306
469	442
469	550
469	673
469	826
469	939
470	1494
470	1493
470	26
470	89
470	110
470	214
470	323
470	460
470	605
470	735
470	855
470	985
471	1495
471	1494
471	22
471	56
471	113
471	243
471	353
471	502
471	610
471	745
471	873
471	1006
472	1496
472	1495
472	28
472	50
472	73
472	137
472	283
472	410
472	517
472	643
472	771
472	896
473	1497
473	1496
473	53
473	66
473	98
473	179
473	316
473	440
473	575
473	693
473	813
473	941
474	1498
474	1497
474	29
474	82
474	126
474	197
474	334
474	464
474	602
474	733
474	851
474	962
475	1499
475	1498
475	8
475	46
475	127
475	231
475	353
475	511
475	608
475	748
475	872
475	1022
476	1500
476	1499
476	22
476	48
476	87
476	107
476	133
476	259
476	385
476	514
476	656
476	791
477	1501
477	1500
477	3
477	40
477	92
477	109
477	165
477	319
477	418
477	566
477	678
477	827
478	1502
478	1501
478	13
478	42
478	79
478	120
478	214
478	321
478	466
478	576
478	723
478	849
479	1503
479	1502
479	14
479	46
479	95
479	109
479	244
479	383
479	506
479	636
479	757
479	864
480	1504
480	1503
480	29
480	33
480	68
480	147
480	271
480	387
480	536
480	649
480	794
480	927
481	1505
481	1504
481	47
481	90
481	109
481	166
481	300
481	439
481	575
481	703
481	803
481	950
482	1506
482	1505
482	20
482	76
482	100
482	192
482	327
482	466
482	603
482	714
482	847
482	961
483	1507
483	1506
483	12
483	60
483	127
483	253
483	368
483	495
483	611
483	736
483	867
483	1015
484	1508
484	1507
484	15
484	58
484	70
484	147
484	262
484	394
484	541
484	652
484	783
484	923
485	1509
485	1508
485	62
485	76
485	115
485	175
485	307
485	443
485	551
485	674
485	827
485	940
486	1510
486	1509
486	27
486	90
486	111
486	215
486	324
486	461
486	606
486	704
486	856
486	986
487	1511
487	1510
487	23
487	57
487	114
487	244
487	354
487	503
487	611
487	746
487	874
487	1007
488	1512
488	1511
488	29
488	51
488	74
488	138
488	284
488	411
488	518
488	644
488	772
488	897
489	1513
489	1512
489	54
489	67
489	99
489	180
489	317
489	441
489	544
489	694
489	814
489	942
490	1514
490	1513
490	30
490	83
490	127
490	198
490	335
490	465
490	603
490	734
490	852
490	963
491	1515
491	1514
491	9
491	47
491	96
491	232
491	354
491	480
491	609
491	749
491	873
491	1023
492	1516
492	1515
492	23
492	49
492	88
492	108
492	134
492	260
492	386
492	515
492	657
492	792
493	1517
493	1516
493	4
493	41
493	93
493	110
493	166
493	288
493	419
493	567
493	679
493	828
494	1518
494	1517
494	14
494	43
494	80
494	121
494	215
494	322
494	467
494	577
494	724
494	850
495	1519
495	1518
495	15
495	47
495	64
495	110
495	245
495	352
495	507
495	637
495	758
495	865
496	1520
496	1519
496	30
496	34
496	69
496	148
496	272
496	388
496	537
496	650
496	795
496	896
497	1521
497	1520
497	48
497	91
497	110
497	167
497	301
497	440
497	544
497	672
497	804
497	951
498	1522
498	1521
498	21
498	77
498	101
498	193
498	328
498	467
498	604
498	715
498	848
498	962
499	1523
499	1522
499	13
499	61
499	96
499	254
499	369
499	496
499	612
499	737
499	868
499	1016
500	1524
500	1523
500	16
500	59
500	71
500	148
500	263
500	395
500	542
500	653
500	784
500	924
501	1525
501	1524
501	63
501	77
501	116
501	176
501	308
501	444
501	552
501	675
501	828
501	941
502	1526
502	1525
502	28
502	91
502	112
502	216
502	325
502	462
502	607
502	705
502	857
502	987
503	1527
503	1526
503	24
503	58
503	115
503	245
503	355
503	504
503	612
503	747
503	875
503	1008
504	1528
504	1527
504	30
504	52
504	75
504	139
504	285
504	412
504	519
504	645
504	773
504	898
505	1529
505	1528
505	55
505	68
505	100
505	181
505	318
505	442
505	545
505	695
505	815
505	943
506	1530
506	1529
506	31
506	84
506	96
506	199
506	336
506	466
506	604
506	735
506	853
506	964
507	1531
507	1530
507	10
507	48
507	97
507	233
507	355
507	481
507	610
507	750
507	874
507	992
508	1532
508	1531
508	24
508	50
508	89
508	109
508	135
508	261
508	387
508	516
508	658
508	793
509	1533
509	1532
509	5
509	42
509	94
509	111
509	167
509	289
509	420
509	568
509	680
509	829
510	1534
510	1533
510	15
510	44
510	81
510	122
510	216
510	323
510	468
510	578
510	725
510	851
511	1535
511	1534
511	16
511	48
511	65
511	111
511	246
511	353
511	508
511	638
511	759
511	866
